DATE;TIME;FPHASE;LDGL;LDGR;LDGNOS;ALTSTDC;ALTQNH;BAROCOR1;HEIGHT;RALT;TAT;LATP;LONP;GS;CAS;VAPP;VLS;MACH;IVV;VRTG;LATG;LONG;HEAD;WINDIR;WINSPD;DRIFT;GW;FLAP;ROLL;PITCH;PITCH_CPT;PITCHRATE;AOAL;LOCDEV;N11;N12;N21;N22;EGT1;EGT2;THREV1;THREV2;FBURN;FBURN1;FBURN2;FF1;FF2;FQTY;SPDBRAKE;AP_EGD;AT;GPWS;GPWSM;TCAS;ELEVL;ELEVR;AILL;AILR;RUDD;PITCH_TRM;ROLL_CPT;VHF_KEYING_L;VHF_KEYING_R;AP_OFF
XX/03/22;05:57:39;APPROACH;AIR;AIR;AIR;8000;8000.00;1013.0;4680;2629;21.00;-15.833.412;-48.202.488;209;180;163;163.66;0.314;-1103;0.98;-0.00;0.02;155;40.43;9;2.5;55211;5;0.00;4.2;-0.09;-0.0;8.44;0.00;32.1;31.0;73.8;74.0;534;536;0;0;7236.84;3626.32;3610.52;431.82;428.19;10920.;0;AP ENGAGED;AT ENGAGED;0;0;-;-3.50;-2.75;0.23;2.20;-0.06;6.68;0;1;1;0
XX/03/22;05:57:40;APPROACH;AIR;AIR;AIR;7980;7980.00;1013.0;4660;2629;21.00;-15.834.132;-48.201.828;209;180;163;163.66;0.314;-1135;0.98;-0.00;0.02;155;40.08;9;2.5;55211;5;0.00;4.2;-0.04;-0.0;8.44;0.00;32.1;31.0;73.8;74.0;535;536;0;0;7237.08;3626.44;3610.64;431.82;428.19;10920.;0;AP ENGAGED;AT ENGAGED;0;0;-;-3.55;-2.75;0.28;2.20;-0.06;6.71;0;1;1;0
XX/03/22;05:57:41;APPROACH;AIR;AIR;AIR;7960;7960.00;1013.0;4640;2629;21.25;-15.834.937;-48.201.172;209;180;163;163.66;0.314;-1157;0.98;-0.00;0.02;155;39.73;9;2.5;55211;5;0.00;4.2;-0.04;-0.0;8.62;0.00;32.1;31.0;73.8;74.0;535;536;0;0;7237.32;3626.56;3610.75;431.82;431.82;10920.;0;AP ENGAGED;AT ENGAGED;0;0;-;-3.55;-2.70;0.28;2.20;-0.06;6.68;0;1;1;0
XX/03/22;05:57:42;APPROACH;AIR;AIR;AIR;7944;7944.00;1013.0;4624;2629;21.25;-15.835.742;-48.200.397;209;179;163;163.66;0.313;-1131;0.98;-0.00;0.02;155;39.38;9;2.5;55211;5;0.00;4.2;0.00;-0.0;8.62;0.00;32.1;31.0;73.8;74.0;535;537;0;0;7237.55;3626.68;3610.87;431.82;428.19;10920.;0;AP ENGAGED;AT ENGAGED;0;0;-;-3.45;-2.70;0.34;2.20;0.00;6.71;0;1;1;0
XX/03/22;05:57:43;APPROACH;AIR;AIR;AIR;7924;7924.00;1013.0;4604;2629;21.25;-15.836.461;-48.199.741;209;179;163;163.66;0.313;-1114;0.98;-0.00;0.02;155;38.67;9;2.5;55211;5;0.00;4.2;0.00;-0.0;8.62;0.00;32.1;31.0;73.8;73.9;536;537;0;0;7237.79;3626.80;3610.99;435.45;428.19;10920.;0;AP ENGAGED;AT ENGAGED;0;0;-;-3.45;-2.65;0.34;2.20;-0.06;6.68;0;1;1;0
XX/03/22;05:57:44;APPROACH;AIR;AIR;AIR;7904;7904.00;1013.0;4584;2629;21.25;-15.837.169;-48.199.085;209;179;163;163.66;0.312;-1143;0.99;-0.00;0.03;155;38.67;9;2.4;55211;5;0.00;4.2;0.00;-0.0;8.62;0.00;32.1;31.0;73.8;73.9;535;537;0;0;7238.03;3626.92;3611.11;431.82;431.82;10920.;0;AP ENGAGED;AT ENGAGED;0;0;-;-3.40;-2.65;0.34;2.20;0.00;6.68;0;1;1;0
XX/03/22;05:57:45;APPROACH;AIR;AIR;AIR;7884;7884.00;1013.0;4564;2629;21.25;-15.837.877;-48.198.429;208;179;163;163.66;0.312;-1162;0.98;-0.00;0.02;155;38.67;9;2.4;55211;5;0.00;4.2;0.00;-0.0;8.62;0.00;32.1;31.0;73.8;73.9;536;537;0;0;7238.27;3627.04;3611.23;431.82;431.82;10920.;0;AP ENGAGED;AT ENGAGED;0;0;-;-3.40;-2.65;0.34;2.26;0.00;6.68;0;1;1;0
XX/03/22;05:57:46;APPROACH;AIR;AIR;AIR;7864;7864.00;1013.0;4544;2629;21.25;-15.838.584;-48.197.960;208;179;163;163.66;0.312;-1174;0.99;-0.00;0.03;155;38.67;9;2.4;55211;5;0.00;4.2;0.00;-0.0;8.79;0.00;32.1;31.0;73.8;74.0;536;537;0;0;7238.51;3627.16;3611.35;435.45;431.82;10920.;0;AP ENGAGED;AT ENGAGED;0;0;-;-3.40;-2.65;0.23;2.26;-0.06;6.68;0;1;1;0
XX/03/22;05:57:47;APPROACH;AIR;AIR;AIR;7844;7844.00;1013.0;4524;2629;21.25;-15.839.207;-48.197.304;208;179;163;163.66;0.312;-1183;0.98;-0.00;0.03;155;38.67;9;2.3;55211;5;0.00;4.2;0.00;-0.0;8.62;0.00;32.1;31.0;73.8;73.9;536;537;0;0;7238.75;3627.28;3611.47;431.82;431.82;10920.;0;AP ENGAGED;AT ENGAGED;0;0;-;-3.40;-2.60;0.23;2.20;-0.06;6.68;0;1;1;0
XX/03/22;05:57:48;APPROACH;AIR;AIR;AIR;7820;7820.00;1013.0;4500;2629;21.50;-15.839.915;-48.196.648;208;179;163;163.66;0.311;-1228;0.98;-0.00;0.03;155;38.32;9;2.3;55211;5;0.00;4.2;0.00;-0.0;8.62;0.00;32.1;31.0;73.8;74.0;536;538;0;0;7239.00;3627.40;3611.59;435.45;431.82;10920.;0;AP ENGAGED;AT ENGAGED;0;0;-;-3.40;-2.60;0.34;2.20;-0.06;6.68;0;1;1;0
XX/03/22;05:57:49;APPROACH;AIR;AIR;AIR;7804;7804.00;1013.0;4484;2629;21.50;-15.840.622;-48.195.992;208;179;163;163.66;0.311;-1219;0.98;-0.00;0.03;155;37.97;9;2.3;55211;5;0.00;4.2;-0.04;-0.0;8.79;0.00;32.1;31.0;73.8;73.9;536;537;0;0;7239.24;3627.52;3611.71;435.45;431.82;10920.;0;AP ENGAGED;AT ENGAGED;0;0;-;-3.40;-2.65;0.34;2.26;0.00;6.68;0;1;1;0
XX/03/22;05:57:50;APPROACH;AIR;AIR;AIR;7780;7780.00;1013.0;4460;2629;21.50;-15.841.329;-48.195.339;208;179;163;163.66;0.311;-1213;0.99;-0.00;0.03;155;37.27;9;2.3;55211;5;0.00;4.2;0.00;-0.0;8.62;0.00;32.1;31.0;73.8;73.9;536;537;0;0;7239.48;3627.64;3611.83;431.82;431.82;10920.;0;AP ENGAGED;AT ENGAGED;0;0;-;-3.40;-2.65;0.23;2.26;-0.06;6.68;0;1;1;0
XX/03/22;05:57:51;APPROACH;AIR;AIR;AIR;7760;7760.00;1013.0;4440;2629;21.50;-15.841.953;-48.194.729;207;179;163;163.66;0.311;-1248;0.98;-0.00;0.03;155;36.91;9;2.3;55211;5;0.00;4.2;0.00;-0.0;8.62;0.00;32.1;31.0;73.8;73.9;536;538;0;0;7239.72;3627.76;3611.95;435.45;431.82;10920.;0;AP ENGAGED;AT ENGAGED;0;0;-;-3.40;-2.65;0.23;2.20;-0.13;6.68;0;1;1;0
XX/03/22;05:57:52;APPROACH;AIR;AIR;AIR;7740;7740.00;1013.0;4420;2629;21.50;-15.842.660;-48.194.118;207;178;163;163.66;0.310;-1232;0.98;-0.00;0.03;155;36.56;9;2.3;55211;5;0.00;4.2;0.04;-0.0;8.62;0.00;32.1;31.0;73.8;74.0;536;538;0;0;7239.96;3627.89;3612.07;435.45;435.45;10920.;0;AP ENGAGED;AT ENGAGED;0;0;-;-3.35;-2.65;0.23;2.20;-0.06;6.68;0;1;1;0
XX/03/22;05:57:53;APPROACH;AIR;AIR;AIR;7720;7720.00;1013.0;4400;2629;21.50;-15.843.366;-48.193.508;207;178;163;163.66;0.310;-1222;0.98;-0.00;0.03;155;35.86;9;2.4;55211;5;0.00;4.2;0.04;-0.0;8.79;0.00;32.1;31.0;73.8;74.0;536;538;0;0;7240.20;3628.01;3612.19;435.45;431.82;10920.;0;AP ENGAGED;AT ENGAGED;0;0;-;-3.35;-2.60;0.23;2.15;-0.06;6.68;0;1;1;0
XX/03/22;05:57:54;APPROACH;AIR;AIR;AIR;7696;7696.00;1013.0;4376;2629;21.75;-15.844.074;-48.192.898;207;178;163;163.66;0.310;-1254;0.99;-0.00;0.03;155;35.51;9;2.3;55211;5;0.00;4.0;0.04;-0.1;8.79;0.00;32.1;31.0;73.8;74.0;537;538;0;0;7240.44;3628.13;3612.31;439.08;435.45;10920.;0;AP ENGAGED;AT ENGAGED;0;0;-;-3.35;-2.60;0.11;2.15;-0.06;6.68;0;1;1;0
XX/03/22;05:57:55;APPROACH;AIR;AIR;AIR;7676;7676.00;1013.0;4356;2629;21.75;-15.844.698;-48.192.165;207;179;163;163.66;0.310;-1276;0.99;-0.00;0.03;155;35.51;9;2.3;55211;5;-0.35;4.0;0.08;-0.0;8.79;0.00;32.1;31.0;73.8;74.0;537;538;0;0;7240.68;3628.25;3612.43;439.08;431.82;10920.;0;AP ENGAGED;AT ENGAGED;0;0;-;-3.35;-2.55;0.11;2.26;-0.06;6.68;0;1;1;0
XX/03/22;05:57:56;APPROACH;AIR;AIR;AIR;7652;7652.00;1013.0;4332;2629;21.75;-15.845.404;-48.191.509;207;178;163;163.66;0.308;-1290;0.98;-0.00;0.03;155;35.51;9;2.2;55211;5;-0.35;4.0;0.08;-0.0;8.79;0.00;32.1;31.0;73.8;74.0;537;538;0;0;7240.92;3628.37;3612.55;435.45;431.82;10920.;0;AP ENGAGED;AT ENGAGED;0;0;-;-3.20;-2.55;0.34;2.26;-0.06;6.71;0;1;1;0
XX/03/22;05:57:57;APPROACH;AIR;AIR;AIR;7632;7632.00;1013.0;4312;2629;21.75;-15.846.111;-48.190.853;207;178;163;163.66;0.308;-1300;0.99;-0.00;0.03;155;34.45;8;2.2;55211;5;0.00;4.0;0.13;-0.0;8.97;0.00;32.1;31.0;73.8;74.0;537;538;0;0;7241.17;3628.49;3612.67;435.45;435.45;10920.;0;AP ENGAGED;AT ENGAGED;0;0;-;-3.20;-2.50;0.34;2.03;0.06;6.68;0;1;1;0
XX/03/22;05:57:58;APPROACH;AIR;AIR;AIR;7608;7608.00;1013.0;4288;2629;21.75;-15.846.818;-48.190.201;207;178;163;163.66;0.309;-1307;0.99;-0.00;0.03;155;33.40;8;2.2;55211;5;0.00;4.0;0.08;-0.0;8.97;0.00;32.1;31.0;73.8;74.0;536;538;0;0;7241.41;3628.61;3612.79;435.45;435.45;10920.;0;AP ENGAGED;AT ENGAGED;0;0;-;-3.30;-2.50;0.57;2.03;-0.06;6.68;0;1;1;0
XX/03/22;05:57:59;APPROACH;AIR;AIR;AIR;7588;7588.00;1013.0;4268;2629;22.00;-15.847.444;-48.189.419;207;178;163;163.66;0.309;-1311;0.98;-0.00;0.03;155;33.05;8;2.3;55211;5;0.00;4.0;0.00;-0.0;8.97;0.00;32.1;30.9;73.8;73.9;537;538;0;0;7241.65;3628.74;3612.91;439.08;428.19;10920.;0;AP ENGAGED;AT ENGAGED;0;0;-;-3.30;-2.80;0.57;2.20;-0.06;6.79;0;1;1;0
XX/03/22;05:58:00;APPROACH;AIR;AIR;AIR;7564;7564.00;1013.0;4244;2629;22.00;-15.848.151;-48.188.763;207;178;163;163.66;0.309;-1314;1.00;-0.00;0.03;155;33.40;9;2.4;55211;5;-0.35;4.0;-0.17;-0.0;9.15;0.00;32.1;31.0;73.8;74.0;537;538;0;0;7241.89;3628.86;3613.03;439.08;435.45;10920.;0;AP ENGAGED;AT ENGAGED;0;0;-;-3.65;-2.80;0.06;2.20;-0.06;6.82;0;1;1;0
XX/03/22;05:58:01;APPROACH;AIR;AIR;AIR;7544;7544.00;1013.0;4224;2629;22.00;-15.848.857;-48.188.107;207;178;163;163.66;0.309;-1316;0.99;0.00;0.03;155;33.05;9;2.3;55211;5;-0.35;4.0;-0.17;-0.0;8.97;0.00;32.1;31.0;73.8;74.0;538;539;0;0;7242.13;3628.98;3613.16;439.08;435.45;10920.;0;AP ENGAGED;AT ENGAGED;0;0;-;-3.65;-2.95;0.06;2.20;-0.06;6.82;0;1;1;0
XX/03/22;05:58:02;APPROACH;AIR;AIR;AIR;7524;7524.00;1013.0;4204;2629;22.00;-15.849.565;-48.187.454;207;178;163;163.66;0.309;-1278;0.99;-0.00;0.03;155;32.70;8;2.2;55211;5;-0.35;4.0;-0.17;-0.0;8.97;0.00;32.1;31.0;73.8;74.0;538;539;0;0;7242.38;3629.10;3613.28;435.45;435.45;10920.;0;AP ENGAGED;AT ENGAGED;0;0;-;-3.65;-2.95;0.23;2.20;-0.06;6.85;0;1;1;0
XX/03/22;05:58:03;APPROACH;AIR;AIR;AIR;7500;7500.00;1013.0;4180;2629;22.00;-15.850.191;-48.186.672;207;178;163;163.66;0.308;-1292;0.99;-0.00;0.03;155;31.99;8;2.1;55211;5;-0.35;4.0;-0.13;-0.0;8.97;0.00;32.1;31.0;73.8;74.0;538;539;0;0;7242.62;3629.22;3613.40;439.08;435.45;10920.;0;AP ENGAGED;AT ENGAGED;0;0;-;-3.65;-2.85;0.23;2.37;0.00;6.85;0;1;1;0
XX/03/22;05:58:04;APPROACH;AIR;AIR;AIR;7480;7480.00;1013.0;4160;2629;22.25;-15.850.897;-48.186.016;207;178;163;163.66;0.307;-1301;0.98;-0.00;0.03;155;30.59;8;2.0;55211;5;-0.35;3.9;-0.13;-0.1;8.79;0.00;32.1;31.0;73.8;74.0;538;539;0;0;7242.86;3629.34;3613.52;435.45;435.45;10920.;0;AP ENGAGED;AT ENGAGED;0;0;-;-3.50;-2.85;0.17;2.37;0.00;6.85;0;1;1;0
XX/03/22;05:58:05;APPROACH;AIR;AIR;AIR;7460;7460.00;1013.0;4140;2629;22.25;-15.851.604;-48.185.360;207;177;163;163.66;0.306;-1268;0.98;-0.00;0.03;156;29.53;8;1.9;55211;5;-0.35;3.9;0.21;-0.0;8.79;0.00;32.1;31.0;73.8;74.0;538;539;0;0;7243.10;3629.47;3613.64;439.08;435.45;10920.;0;AP ENGAGED;AT ENGAGED;0;0;-;-3.50;-2.15;0.17;2.20;-0.06;6.85;0;1;1;0
XX/03/22;05:58:06;APPROACH;AIR;AIR;AIR;7440;7440.00;1013.0;4120;2629;22.25;-15.852.618;-48.184.708;207;178;163;163.66;0.307;-1245;1.01;-0.00;0.03;156;27.77;8;1.9;55211;5;-0.35;4.4;0.29;0.3;9.15;0.00;32.1;31.0;73.8;74.0;538;539;0;0;7243.35;3629.59;3613.76;439.08;439.08;10920.;0;AP ENGAGED;AT ENGAGED;0;0;-;-2.90;-2.15;0.34;2.20;-0.06;6.85;0;1;1;0
XX/03/22;05:58:07;APPROACH;AIR;AIR;AIR;7420;7420.00;1013.0;4100;2629;22.25;-15.853.242;-48.183.929;207;177;163;163.66;0.306;-1230;1.03;-0.00;0.04;156;26.37;8;1.9;55211;5;0.00;4.7;0.21;0.3;9.67;0.00;32.1;31.0;73.8;74.0;538;539;0;0;7243.59;3629.71;3613.88;442.71;439.08;10920.;0;AP ENGAGED;AT ENGAGED;0;0;-;-2.90;-2.35;0.34;2.43;-0.06;6.82;0;1;1;0
XX/03/22;05:58:08;APPROACH;AIR;AIR;AIR;7400;7400.00;1013.0;4080;2629;22.25;-15.853.950;-48.183.273;206;177;163;163.66;0.306;-1220;1.03;-0.00;0.04;156;25.31;8;1.8;55211;5;-0.35;5.3;0.13;0.4;9.50;0.00;32.1;31.0;73.8;74.0;538;540;0;0;7243.84;3629.83;3614.00;442.71;439.08;10920.;0;AP ENGAGED;AT ENGAGED;0;0;-;-3.40;-2.35;0.23;2.43;-0.13;6.91;0;1;1;0
XX/03/22;05:58:09;APPROACH;AIR;AIR;AIR;7384;7384.00;1013.0;4064;2629;22.25;-15.854.657;-48.182.617;206;177;163;163.66;0.305;-1174;1.02;-0.00;0.04;156;24.96;7;1.8;55211;5;-0.35;5.3;-0.13;0.1;9.32;0.00;32.1;30.9;73.8;74.0;538;540;0;0;7244.08;3629.96;3614.13;442.71;435.45;10920.;0;AP ENGAGED;AT ENGAGED;0;0;-;-3.40;-2.85;0.23;1.86;-0.06;7.03;0;1;1;0
XX/03/22;05:58:10;APPROACH;AIR;AIR;AIR;7364;7364.00;1013.0;4044;2629;22.25;-15.855.379;-48.181.965;206;177;163;163.66;0.306;-1143;1.00;-0.00;0.03;156;24.26;7;1.8;55211;5;0.00;5.5;-0.17;0.1;9.15;0.00;32.1;30.9;73.8;74.0;538;540;0;0;7244.33;3630.08;3614.25;439.08;439.08;10920.;0;AP ENGAGED;AT ENGAGED;0;0;-;-3.70;-2.85;0.51;1.86;0.00;7.03;0;1;1;0
XX/03/22;05:58:11;APPROACH;AIR;AIR;AIR;7348;7348.00;1013.0;4028;2629;22.50;-15.856.100;-48.181.187;205;177;163;163.66;0.305;-1122;1.00;-0.00;0.03;156;24.96;7;1.8;55211;5;0.00;5.5;-0.21;0.0;9.32;0.00;32.1;31.4;73.8;74.3;538;547;0;0;7244.57;3630.20;3614.37;439.08;449.96;10920.;0;AP ENGAGED;AT ENGAGED;0;0;-;-3.70;-2.90;0.51;2.32;0.00;7.03;0;1;1;0
XX/03/22;05:58:12;APPROACH;AIR;AIR;AIR;7332;7332.00;1013.0;4012;2629;22.50;-15.856.903;-48.180.527;205;177;163;163.66;0.305;-1069;1.01;-0.00;0.04;156;26.02;7;1.8;55211;5;-0.35;5.6;-0.25;0.1;9.50;0.00;34.1;33.9;75.4;76.8;575;580;0;0;7244.89;3630.35;3614.53;544.31;580.60;10920.;0;AP ENGAGED;AT ENGAGED;0;0;-;-3.85;-2.90;0.11;2.32;-0.06;7.03;0;1;1;0
XX/03/22;05:58:13;APPROACH;AIR;AIR;AIR;7320;7320.00;1013.0;4000;2629;22.50;-15.857.706;-48.179.878;204;177;163;163.66;0.306;-993;1.01;0.00;0.04;156;27.42;7;1.8;55211;5;-0.35;5.8;-0.34;0.1;9.32;0.00;37.4;37.3;78.5;79.6;618;602;0;0;7245.27;3630.54;3614.73;678.58;689.46;10920.;0;AP ENGAGED;AT ENGAGED;0;0;-;-3.85;-3.20;0.11;2.20;-0.06;7.00;0;1;1;0
XX/03/22;05:58:14;APPROACH;AIR;AIR;AIR;7304;7304.00;1013.0;3984;2629;22.50;-15.858.427;-48.179.218;204;176;163;163.66;0.304;-943;1.01;0.00;0.05;156;29.53;7;1.8;55211;5;-0.35;5.8;-0.46;0.0;9.32;0.00;40.3;43.5;80.6;82.0;610;600;0;0;7245.67;3630.73;3614.94;693.09;772.92;10920.;0;AP ENGAGED;AT ENGAGED;0;0;-;-4.05;-3.20;0.06;2.20;0.13;7.03;0;1;1;0
XX/03/22;05:58:15;APPROACH;AIR;AIR;AIR;7288;7288.00;1013.0;3968;2629;22.50;-15.859.133;-48.178.745;204;176;163;163.66;0.304;-948;1.01;-0.00;0.05;155;30.59;7;2.0;55211;5;-0.35;5.8;-0.46;0.0;9.50;0.00;40.8;47.0;80.9;82.1;574;569;0;0;7246.06;3630.91;3615.15;649.55;743.89;10920.;0;AP ENGAGED;AT ENGAGED;0;0;-;-4.05;-3.25;0.06;3.00;0.00;7.06;0;1;1;0
XX/03/22;05:58:16;APPROACH;AIR;AIR;AIR;7276;7276.00;1013.0;3956;2629;22.50;-15.859.837;-48.178.089;204;176;163;163.66;0.304;-913;1.01;-0.00;0.05;155;31.29;7;2.1;55211;5;-0.70;5.8;-0.42;0.0;9.50;0.00;41.0;48.1;80.9;82.1;561;555;0;0;7246.45;3631.09;3615.36;635.03;762.04;10920.;0;AP ENGAGED;AT ENGAGED;0;0;-;-3.85;-3.25;-0.62;3.00;-0.06;6.85;0;1;1;0
XX/03/22;05:58:17;APPROACH;AIR;AIR;AIR;7264;7264.00;1013.0;3944;2629;22.50;-15.860.541;-48.177.437;203;176;163;163.66;0.304;-849;0.99;-0.01;0.05;155;33.05;8;2.2;55211;5;-1.05;5.8;-0.21;0.0;9.32;0.00;42.3;47.8;81.8;82.0;563;543;0;0;7246.84;3631.28;3615.56;678.58;743.89;10920.;0;AP ENGAGED;AT ENGAGED;0;0;-;-3.85;-2.70;-0.62;3.00;-0.32;6.68;0;1;1;0
XX/03/22;05:58:18;APPROACH;AIR;AIR;AIR;7252;7252.00;1013.0;3932;2629;22.50;-15.861.167;-48.176.777;203;176;163;163.66;0.303;-806;0.99;-0.00;0.06;155;33.75;8;2.1;55211;5;-1.05;5.6;0.00;-0.1;9.15;0.00;46.5;51.4;82.9;84.1;569;566;0;0;7247.29;3631.49;3615.81;747.52;878.16;10920.;0;AP ENGAGED;AT ENGAGED;0;0;-;-3.40;-2.70;-0.39;3.00;-0.19;6.56;0;1;1;0
XX/03/22;05:58:19;APPROACH;AIR;AIR;AIR;7240;7240.00;1013.0;3920;2629;22.50;-15.861.873;-48.176.117;204;176;163;163.66;0.303;-778;1.01;-0.00;0.09;155;33.05;8;2.0;55211;5;-0.70;5.6;-0.25;-0.0;9.15;0.00;57.1;62.4;86.0;87.0;600;594;0;0;7247.89;3631.76;3616.13;990.65;1139.4;10920.;0;AP ENGAGED;AT ENGAGED;0;0;-;-3.40;-3.20;-0.39;2.60;-0.13;6.59;0;1;1;0
XX/03/22;05:58:20;APPROACH;AIR;AIR;AIR;7228;7228.00;1013.0;3908;2629;22.50;-15.862.578;-48.175.507;204;176;163;163.66;0.303;-759;1.02;-0.00;0.10;155;31.64;7;1.8;55211;5;-0.35;6.0;-0.67;0.2;9.32;0.00;65.5;68.4;87.3;88.3;600;595;0;0;7248.60;3632.10;3616.50;1230.1;1335.3;10920.;0;AP ENGAGED;AT ENGAGED;0;0;-;-4.41;-3.20;-0.33;2.60;-0.06;6.59;0;1;1;0
XX/03/22;05:58:21;APPROACH;AIR;AIR;AIR;7216;7216.00;1013.0;3896;2629;22.50;-15.863.284;-48.174.896;205;177;163;163.66;0.304;-746;1.01;-0.00;0.09;155;29.88;7;1.9;55211;5;-0.35;6.2;-0.75;0.1;9.15;0.00;66.1;68.6;87.8;88.5;592;591;0;0;7249.34;3632.46;3616.88;1284.5;1389.8;10920.;0;AP ENGAGED;AT ENGAGED;0;0;-;-4.41;-3.70;-0.33;2.77;-0.06;6.59;0;1;1;0
XX/03/22;05:58:22;APPROACH;AIR;AIR;AIR;7208;7208.00;1013.0;3888;2629;22.50;-15.863.913;-48.174.290;205;177;163;163.66;0.305;-698;0.98;-0.01;0.09;155;28.83;7;1.9;55211;5;-0.35;5.8;-0.75;-0.2;8.62;0.00;65.6;68.0;88.0;88.6;586;588;0;0;7250.09;3632.82;3617.27;1306.3;1393.4;10920.;0;AP ENGAGED;AT ENGAGED;0;0;-;-4.41;-3.70;-0.50;2.77;-0.06;6.59;0;1;1;0
XX/03/22;05:58:23;APPROACH;AIR;AIR;AIR;7196;7196.00;1013.0;3876;2629;22.50;-15.864.620;-48.173.679;206;177;163;163.66;0.304;-666;0.95;-0.00;0.08;155;28.13;7;1.8;55211;5;-0.35;5.6;-0.55;-0.1;8.44;0.00;65.4;67.5;88.0;88.5;583;585;0;0;7250.83;3633.18;3617.65;1302.7;1371.6;10920.;0;AP ENGAGED;AT ENGAGED;0;0;-;-4.41;-3.15;-0.50;2.77;-0.06;6.41;0;1;1;0
XX/03/22;05:58:24;APPROACH;AIR;AIR;AIR;7184;7184.00;1013.0;3864;2629;22.50;-15.865.326;-48.172.947;206;178;163;163.66;0.306;-684;0.97;0.00;0.08;155;26.37;7;1.8;55211;5;0.00;5.6;-0.17;-0.0;8.44;0.00;65.1;66.8;88.0;88.1;581;582;0;0;7251.57;3633.54;3618.02;1291.8;1342.6;10920.;0;AP ENGAGED;AT ENGAGED;0;0;-;-3.35;-3.15;0.00;2.77;-0.06;6.24;0;1;1;0
XX/03/22;05:58:25;APPROACH;AIR;AIR;AIR;7172;7172.00;1013.0;3852;2629;22.75;-15.866.035;-48.172.287;207;178;163;163.66;0.306;-696;0.98;-0.00;0.08;155;25.66;7;1.8;55211;5;0.00;5.8;0.04;0.1;8.62;0.00;65.0;66.0;88.0;88.0;581;579;0;0;7252.29;3633.90;3618.39;1284.5;1313.6;10920.;0;AP ENGAGED;AT ENGAGED;0;0;-;-3.35;-2.50;0.00;1.30;0.00;6.21;0;1;1;0
XX/03/22;05:58:26;APPROACH;AIR;AIR;AIR;7160;7160.00;1013.0;3840;2629;22.75;-15.866.664;-48.171.631;207;178;163;163.66;0.306;-704;1.00;-0.01;0.08;155;24.61;8;2.0;55211;5;0.35;6.0;0.04;0.1;8.97;0.00;64.9;65.4;88.0;87.9;581;577;0;0;7253.00;3634.25;3618.75;1277.3;1284.5;10920.;0;AP ENGAGED;AT ENGAGED;0;0;-;-3.40;-2.50;1.81;1.30;-0.06;6.18;0;1;1;0
XX/03/22;05:58:27;APPROACH;AIR;AIR;AIR;7152;7152.00;1013.0;3832;2629;22.75;-15.867.372;-48.170.975;207;178;163;163.66;0.306;-669;1.01;-0.00;0.08;155;23.91;7;1.8;55211;5;-0.35;6.3;-0.04;0.2;9.15;0.00;64.9;65.1;88.0;87.8;582;577;0;0;7253.70;3634.61;3619.10;1270.0;1266.4;10920.;0;AP ENGAGED;AT ENGAGED;0;0;-;-3.40;-2.75;1.81;-0.40;-0.13;6.21;0;1;1;0
XX/03/22;05:58:28;APPROACH;AIR;AIR;AIR;7140;7140.00;1013.0;3820;2629;22.75;-15.868.081;-48.170.193;208;178;163;163.66;0.306;-647;1.01;0.00;0.09;155;20.74;7;1.4;55211;5;-2.46;6.3;-0.09;0.0;8.79;0.00;64.8;66.9;88.0;88.4;582;587;0;0;7254.42;3634.96;3619.46;1262.8;1320.8;10920.;0;AP ENGAGED;AT ENGAGED;0;0;-;-3.40;-2.75;3.29;-0.40;-0.06;6.18;0;1;1;0
XX/03/22;05:58:29;APPROACH;AIR;AIR;AIR;7132;7132.00;1013.0;3812;2629;22.50;-15.868.789;-48.169.540;208;179;163;163.66;0.308;-631;0.99;0.01;0.09;155;17.23;6;1.0;55211;5;-4.57;6.2;-0.04;-0.1;8.44;0.00;65.5;68.1;88.3;89.3;588;594;0;0;7255.16;3635.32;3619.84;1288.2;1368.0;10920.;0;AP ENGAGED;AT ENGAGED;0;0;-;-3.40;-2.75;3.29;-0.91;0.38;6.21;0;1;1;0
XX/03/22;05:58:30;APPROACH;AIR;AIR;AIR;7124;7124.00;1013.0;3804;2629;22.50;-15.869.417;-48.168.877;208;179;163;163.66;0.308;-581;1.01;0.01;0.09;155;13.71;6;0.9;55211;5;-5.98;6.3;-0.17;0.1;8.79;0.00;66.3;68.6;88.6;89.4;590;595;0;0;7255.91;3635.68;3620.23;1313.6;1389.8;10920.;0;AP ENGAGED;AT ENGAGED;0;0;-;-3.60;-2.75;2.49;-0.91;0.51;6.21;0;1;1;0
XX/03/22;05:58:31;APPROACH;AIR;AIR;AIR;7116;7116.00;1013.0;3796;2629;22.50;-15.870.122;-48.167.912;209;180;163;163.66;0.309;-548;1.03;0.01;0.09;154;10.55;6;1.1;55211;5;-7.03;6.3;-0.21;0.0;8.79;0.00;66.4;68.8;88.6;89.4;591;595;0;0;7256.67;3636.05;3620.62;1320.8;1400.6;10920.;0;AP ENGAGED;AT ENGAGED;0;0;-;-3.60;-2.85;2.49;0.96;0.32;6.21;0;1;1;0
XX/03/22;05:58:32;APPROACH;AIR;AIR;AIR;7108;7108.00;1013.0;3788;2629;22.50;-15.870.827;-48.167.133;209;180;163;163.66;0.310;-525;1.01;0.01;0.09;153;10.55;6;1.3;55211;5;-8.09;6.2;-0.21;-0.1;8.09;0.00;66.3;68.1;88.6;89.1;590;594;0;0;7257.42;3636.41;3621.00;1317.2;1382.5;10920.;0;AP ENGAGED;AT ENGAGED;0;0;-;-3.60;-2.85;1.36;0.96;0.13;6.21;0;1;1;0
XX/03/22;05:58:33;APPROACH;AIR;AIR;AIR;7100;7100.00;1013.0;3780;2629;22.75;-15.871.531;-48.166.470;209;180;163;163.66;0.310;-510;0.99;0.01;0.08;152;12.30;6;1.7;55211;5;-8.44;6.0;-0.13;-0.1;8.09;0.00;65.5;67.6;88.4;88.9;587;592;0;0;7258.15;3636.77;3621.38;1295.4;1357.1;10840.;0;AP ENGAGED;AT ENGAGED;0;0;-;-3.60;-2.85;1.36;-0.06;0.19;6.21;0;1;1;0
XX/03/22;05:58:34;APPROACH;AIR;AIR;AIR;7096;7096.00;1013.0;3776;2629;23.00;-15.872.156;-48.165.798;209;180;163;163.66;0.310;-461;1.00;-0.00;0.08;150;14.06;7;1.9;55211;5;-9.84;6.0;-0.09;-0.0;8.44;0.00;65.0;67.1;88.1;88.6;586;590;0;0;7258.88;3637.13;3621.75;1273.6;1335.3;10840.;0;AP ENGAGED;AT ENGAGED;0;0;-;-3.35;-2.85;4.08;-0.06;0.00;6.21;0;1;1;0
XX/03/22;05:58:35;APPROACH;AIR;AIR;AIR;7088;7088.00;1013.0;3768;2629;23.00;-15.872.859;-48.164.978;209;181;163;163.66;0.310;-428;1.02;0.00;0.08;149;15.47;7;1.7;55211;5;-12.31;6.2;0.08;0.1;8.44;0.00;64.5;66.4;88.0;88.5;584;588;0;0;7259.59;3637.48;3622.11;1255.5;1309.9;10840.;0;AP ENGAGED;AT ENGAGED;0;0;-;-3.35;-2.20;4.08;-3.63;-0.13;6.18;0;1;1;0
XX/03/22;05:58:36;APPROACH;AIR;AIR;AIR;7080;7080.00;1013.0;3760;2629;23.00;-15.873.556;-48.164.143;209;180;163;163.66;0.309;-445;1.01;0.02;0.08;148;14.06;6;1.1;55211;5;-16.52;6.5;0.50;0.2;8.44;0.00;64.0;65.4;87.9;88.1;583;584;0;0;7260.29;3637.82;3622.47;1237.4;1273.6;10840.;0;AP ENGAGED;AT ENGAGED;0;0;-;-2.35;-2.20;6.80;-3.63;0.00;6.21;0;1;1;0
XX/03/22;05:58:37;APPROACH;AIR;AIR;AIR;7076;7076.00;1013.0;3756;2629;22.75;-15.874.248;-48.163.414;209;181;163;163.66;0.310;-417;1.05;0.03;0.09;146;8.09;5;0.4;55211;5;-20.74;6.9;0.67;0.3;8.97;0.00;63.5;64.6;87.8;87.9;580;581;0;0;7260.97;3638.16;3622.81;1212.0;1233.7;10840.;0;AP ENGAGED;AT ENGAGED;0;0;-;-2.35;-1.60;6.80;-4.59;0.51;6.21;0;1;1;0
XX/03/22;05:58:38;APPROACH;AIR;AIR;AIR;7068;7068.00;1013.0;3748;2629;22.75;-15.874.572;-48.162.365;209;181;163;163.66;0.311;-398;1.08;0.03;0.09;143;0.00;4;0.0;55211;5;-25.31;7.2;0.54;0.3;9.15;0.00;63.0;64.3;87.6;87.6;579;580;0;0;7261.64;3638.49;3623.15;1193.8;1219.2;10840.;0;AP ENGAGED;AT ENGAGED;0;0;-;-2.60;-1.60;4.54;-4.59;0.70;6.18;0;0;1;0
XX/03/22;05:58:39;APPROACH;AIR;AIR;AIR;7060;7060.00;1013.0;3740;2629;22.75;-15.874.960;-48.161.556;208;182;163;163.66;0.312;-425;1.09;0.03;0.09;141;354.38;3;0.1;55211;5;-28.13;7.0;0.59;-0.1;9.15;0.00;62.9;64.1;87.5;87.6;578;579;0;0;7262.30;3638.82;3623.49;1182.9;1208.3;10840.;0;AP ENGAGED;AT ENGAGED;0;0;-;-2.60;-1.50;4.54;-0.91;0.57;6.21;0;0;1;0
XX/03/22;05:58:40;APPROACH;AIR;AIR;AIR;7052;7052.00;1013.0;3732;2629;22.75;-15.875.336;-48.160.873;208;182;163;163.66;0.312;-443;1.09;0.02;0.09;137;357.89;3;0.7;55211;5;-28.83;6.7;0.71;-0.2;9.32;0.00;62.8;64.1;87.5;87.6;578;579;0;0;7262.96;3639.14;3623.82;1175.7;1204.7;10840.;0;AP ENGAGED;AT ENGAGED;0;0;-;-2.15;-1.50;2.21;-0.91;0.19;6.35;0;0;1;0
XX/03/22;05:58:41;APPROACH;AIR;AIR;AIR;7044;7044.00;1013.0;3724;2629;22.50;-15.876.000;-48.159.863;207;182;163;163.66;0.312;-455;1.14;0.01;0.10;134;8.44;4;1.4;55211;5;-29.53;6.5;0.67;-0.1;9.85;0.00;62.6;63.9;87.5;87.5;578;577;0;0;7263.62;3639.47;3624.15;1172.0;1193.8;10840.;0;AP ENGAGED;AT ENGAGED;0;0;-;-2.15;-1.65;2.21;1.52;-0.13;6.59;0;1;1;0
XX/03/22;05:58:42;APPROACH;AIR;AIR;AIR;7040;7040.00;1013.0;3720;2629;22.50;-15.876.644;-48.159.069;207;181;163;163.66;0.311;-424;1.17;0.01;0.10;130;16.52;4;1.7;55211;5;-30.59;6.7;0.46;0.1;10.20;0.00;62.3;60.1;87.4;86.4;574;562;0;0;7264.25;3639.79;3624.46;1161.2;1092.2;10840.;0;AP ENGAGED;AT ENGAGED;0;0;-;-2.65;-1.65;0.45;1.52;-0.32;6.76;0;1;1;0
XX/03/22;05:58:43;APPROACH;AIR;AIR;AIR;7032;7032.00;1013.0;3712;2629;22.75;-15.877.319;-48.158.249;206;181;163;163.66;0.310;-403;1.16;0.01;0.09;128;20.04;5;1.8;55211;5;-30.94;6.7;0.33;0.0;10.38;0.00;60.3;55.8;86.8;85.3;565;547;0;0;7264.82;3640.10;3624.72;1103.1;954.36;10840.;0;AP ENGAGED;AT ENGAGED;0;0;-;-2.65;-2.20;0.45;3.23;-0.38;6.94;0;1;1;0
XX/03/22;05:58:44;APPROACH;AIR;AIR;AIR;7024;7024.00;1013.0;3704;2629;22.75;-15.877.971;-48.157.158;205;180;163;163.66;0.309;-428;1.14;0.01;0.08;124;21.45;5;1.8;55211;5;-30.94;6.7;-0.09;0.0;10.38;0.00;57.9;53.6;86.1;84.8;556;542;0;0;7265.35;3640.38;3624.96;1019.6;874.53;10840.;0;AP ENGAGED;AT ENGAGED;0;0;-;-3.60;-2.20;-1.86;3.23;-0.38;7.12;0;1;1;0
XX/03/22;05:58:45;APPROACH;AIR;AIR;AIR;7016;7016.00;1013.0;3696;2629;22.50;-15.878.115;-48.156.319;204;180;163;163.66;0.308;-445;1.12;0.01;0.08;122;21.80;6;1.8;55211;5;-29.53;6.7;-0.29;0.0;10.38;0.00;56.4;53.0;85.9;84.6;552;541;0;0;7265.85;3640.65;3625.20;968.87;852.75;10840.;0;AP ENGAGED;AT ENGAGED;0;0;-;-3.60;-3.05;-1.86;5.32;-0.44;7.15;0;1;1;0
XX/03/22;05:58:46;APPROACH;AIR;AIR;AIR;7008;7008.00;1013.0;3688;2629;22.50;-15.878.234;-48.155.464;204;179;163;163.66;0.307;-457;1.10;-0.00;0.08;119;21.09;7;2.2;55211;5;-26.02;6.5;-0.46;-0.1;10.02;0.00;55.5;53.5;85.6;84.9;550;543;0;0;7266.35;3640.91;3625.44;939.84;852.75;10840.;0;AP ENGAGED;AT ENGAGED;0;0;-;-4.14;-3.05;-3.23;5.32;-0.63;7.12;0;1;1;0
XX/03/22;05:58:47;APPROACH;AIR;AIR;AIR;7004;7004.00;1013.0;3684;2629;22.50;-15.878.332;-48.154.350;203;178;163;163.66;0.306;-425;1.06;-0.01;0.08;117;19.34;7;2.5;55211;5;-23.20;6.5;-0.67;-0.0;9.50;0.00;55.4;56.5;85.5;86.0;550;556;0;0;7266.87;3641.17;3625.70;925.33;954.36;10840.;0;AP ENGAGED;AT ENGAGED;0;0;-;-4.14;-3.70;-3.23;6.12;-0.63;7.15;0;1;1;0
XX/03/22;05:58:48;APPROACH;AIR;AIR;AIR;6996;6996.00;1013.0;3676;2629;22.50;-15.878.410;-48.153.522;203;178;163;163.66;0.306;-403;1.04;-0.01;0.08;115;16.88;8;2.6;55211;5;-19.69;6.5;-0.80;-0.0;9.32;0.00;56.5;60.3;86.0;86.9;558;567;0;0;7267.43;3641.44;3626.00;968.87;1055.9;10840.;0;AP ENGAGED;AT ENGAGED;0;0;-;-4.55;-3.70;-2.72;6.12;-0.70;7.18;0;1;1;0
XX/03/22;05:58:49;APPROACH;AIR;AIR;AIR;6992;6992.00;1013.0;3672;2629;22.50;-15.878.470;-48.152.691;202;178;163;163.66;0.306;-389;1.02;-0.01;0.09;114;15.47;8;2.5;55211;5;-17.23;6.9;-0.92;0.2;9.50;0.00;59.9;64.4;86.9;87.9;571;577;0;0;7268.05;3641.73;3626.32;1041.4;1172.0;10840.;0;AP ENGAGED;AT ENGAGED;0;0;-;-4.55;-4.07;-2.72;4.53;-0.63;7.15;0;1;1;0
XX/03/22;05:58:50;APPROACH;AIR;AIR;AIR;6984;6984.00;1013.0;3664;2629;22.75;-15.878.697;-48.151.573;202;179;163;163.66;0.306;-380;1.07;-0.01;0.10;113;15.12;8;2.4;55211;5;-14.06;7.4;-1.05;0.4;9.67;0.00;62.9;66.8;87.8;88.6;580;586;0;0;7268.72;3642.04;3626.67;1132.1;1270.0;10840.;0;AP ENGAGED;AT ENGAGED;0;0;-;-4.92;-4.07;-1.81;4.53;-0.51;6.94;0;1;1;0
XX/03/22;05:58:51;APPROACH;AIR;AIR;AIR;6980;6980.00;1013.0;3660;2629;23.00;-15.878.912;-48.150.757;202;179;163;163.66;0.307;-373;1.07;-0.00;0.10;112;16.88;8;2.2;55211;5;-12.31;7.6;-1.01;0.2;9.67;0.00;65.4;67.4;88.4;89.0;590;590;0;0;7269.43;3642.39;3627.04;1241.0;1331.7;10840.;0;AP ENGAGED;AT ENGAGED;0;0;-;-4.92;-3.90;-1.81;3.68;-0.32;6.79;0;1;1;0
XX/03/22;05:58:52;APPROACH;AIR;AIR;AIR;6980;6980.00;1013.0;3660;2629;23.00;-15.879.118;-48.149.624;202;179;163;163.66;0.306;-290;1.04;-0.00;0.10;111;18.98;8;2.0;55211;5;-10.20;7.2;-0.71;-0.2;9.15;0.00;66.8;67.8;88.9;89.3;596;593;0;0;7270.17;3642.75;3627.42;1302.7;1357.1;10840.;0;AP ENGAGED;AT ENGAGED;0;0;-;-4.23;-3.90;-0.67;3.68;-0.25;6.62;0;1;1;0
XX/03/22;05:58:53;APPROACH;AIR;AIR;AIR;6976;6976.00;1013.0;3656;2629;23.00;-15.879.315;-48.148.510;202;178;163;163.66;0.305;-234;1.01;-0.00;0.09;111;19.69;8;1.8;55211;5;-8.44;6.9;-0.46;-0.2;8.62;0.00;67.3;68.0;89.1;89.4;599;595;0;0;7270.92;3643.12;3627.80;1342.6;1371.6;10840.;0;AP ENGAGED;AT ENGAGED;0;0;-;-4.23;-3.15;-0.67;2.54;-0.13;6.44;0;0;1;0
XX/03/22;05:58:54;APPROACH;AIR;AIR;AIR;6976;6976.00;1013.0;3656;2629;23.00;-15.879.507;-48.147.690;202;178;163;163.66;0.305;-196;0.99;0.00;0.09;111;18.63;7;1.8;55211;5;-7.38;6.7;-0.29;-0.2;8.27;0.00;67.6;68.3;89.3;89.4;601;597;0;0;7271.69;3643.50;3628.19;1368.0;1386.1;10840.;0;AP ENGAGED;AT ENGAGED;0;0;-;-3.60;-3.15;0.62;2.54;-0.06;6.24;0;0;1;0
XX/03/22;05:58:55;APPROACH;AIR;AIR;AIR;6972;6972.00;1013.0;3652;2629;22.75;-15.879.695;-48.146.568;202;178;163;163.66;0.305;-171;0.99;0.01;0.09;110;17.93;7;1.7;55211;5;-6.33;6.9;-0.13;0.1;8.27;0.00;67.9;68.5;89.3;89.4;602;599;0;0;7272.46;3643.89;3628.57;1382.5;1397.0;10840.;0;AP ENGAGED;AT ENGAGED;0;0;-;-3.60;-2.75;0.62;1.81;0.13;6.15;0;1;1;0
XX/03/22;05:58:56;APPROACH;AIR;AIR;AIR;6972;6972.00;1013.0;3652;2629;22.75;-15.879.879;-48.145.653;202;179;163;163.66;0.306;-154;0.99;0.00;0.09;110;16.52;7;1.8;55211;5;-5.98;6.9;-0.17;0.0;8.27;0.00;68.4;68.9;89.5;89.6;607;602;0;0;7273.24;3644.27;3628.97;1400.6;1415.2;10840.;0;AP ENGAGED;AT ENGAGED;0;0;-;-3.70;-2.75;-0.96;1.81;0.06;6.12;0;1;1;0
XX/03/22;05:58:57;APPROACH;AIR;AIR;AIR;6968;6968.00;1013.0;3648;2629;22.75;-15.880.057;-48.144.733;202;179;163;163.66;0.306;-143;0.98;0.00;0.09;109;15.47;7;1.9;55211;5;-5.27;7.0;-0.29;0.1;8.27;0.00;69.8;69.3;89.9;89.8;614;605;0;0;7274.04;3644.68;3629.37;1447.8;1429.7;10840.;0;AP ENGAGED;AT ENGAGED;0;0;-;-3.70;-3.05;-0.96;3.91;0.00;6.12;0;1;1;0
XX/03/22;05:58:58;APPROACH;AIR;AIR;AIR;6964;6964.00;1013.0;3644;2629;22.75;-15.880.232;-48.143.513;203;179;163;163.66;0.306;-175;0.97;-0.00;0.09;109;13.71;7;2.2;55211;5;-3.52;7.2;-0.29;0.1;8.27;0.00;70.5;69.8;90.0;89.9;618;608;0;0;7274.86;3645.09;3629.77;1495.0;1451.5;10840.;0;AP ENGAGED;AT ENGAGED;0;0;-;-3.80;-3.05;-0.33;3.91;-0.13;6.12;0;1;1;0
XX/03/22;05:58:59;APPROACH;AIR;AIR;AIR;6964;6964.00;1013.0;3644;2629;22.75;-15.880.404;-48.142.597;203;179;163;163.66;0.307;-157;0.99;-0.00;0.10;109;11.95;8;2.4;55211;5;-1.41;7.2;-0.29;0.0;8.27;0.00;70.9;70.1;90.1;90.0;622;612;0;0;7275.69;3645.51;3630.18;1516.8;1473.2;10840.;0;AP ENGAGED;AT ENGAGED;0;0;-;-3.80;-3.20;-0.33;1.07;-0.13;6.12;0;1;1;0
XX/03/22;05:59:00;APPROACH;AIR;AIR;AIR;6960;6960.00;1013.0;3640;2629;22.75;-15.880.573;-48.141.678;203;180;163;163.66;0.308;-145;1.01;-0.00;0.10;109;11.95;8;2.2;55211;5;-1.76;7.2;-0.46;0.0;8.44;0.00;71.0;70.3;90.3;90.1;623;614;0;0;7276.53;3645.94;3630.59;1531.3;1480.5;10840.;0;AP ENGAGED;AT ENGAGED;0;0;-;-4.14;-3.20;1.93;1.07;-0.13;6.09;0;1;1;0
XX/03/22;05:59:01;APPROACH;AIR;AIR;AIR;6956;6956.00;1013.0;3636;2629;23.00;-15.880.740;-48.140.556;203;180;163;163.66;0.309;-176;1.01;0.01;0.10;109;13.01;7;1.8;55211;5;-2.81;7.0;-0.50;-0.1;8.27;0.00;71.1;70.4;90.4;90.1;625;614;0;0;7277.37;3646.37;3631.00;1542.2;1480.5;10840.;0;AP ENGAGED;AT ENGAGED;0;0;-;-4.14;-3.15;1.93;-1.19;0.06;6.12;0;1;1;0
XX/03/22;05:59:02;APPROACH;AIR;AIR;AIR;6956;6956.00;1013.0;3636;2629;23.00;-15.880.907;-48.139.744;204;181;163;163.66;0.310;-158;0.98;0.01;0.09;109;16.17;7;1.4;55211;5;-3.87;6.9;-0.25;-0.1;7.91;0.00;71.1;70.4;90.4;90.1;626;616;0;0;7278.21;3646.80;3631.41;1542.2;1484.1;10840.;0;AP ENGAGED;AT ENGAGED;0;0;-;-3.60;-3.15;3.12;-1.19;0.25;6.12;0;1;1;0
XX/03/22;05:59:03;APPROACH;AIR;AIR;AIR;6956;6956.00;1013.0;3636;2629;23.00;-15.881.073;-48.138.931;204;181;163;163.66;0.310;-106;0.99;0.01;0.09;108;19.34;6;1.2;55211;5;-5.27;6.9;-0.17;-0.0;8.09;0.00;70.8;69.8;90.1;89.9;624;614;0;0;7279.04;3647.22;3631.82;1534.9;1462.3;10840.;0;AP ENGAGED;AT ENGAGED;0;0;-;-3.60;-3.05;3.12;1.81;0.44;6.12;0;1;1;0
XX/03/22;05:59:04;APPROACH;AIR;AIR;AIR;6956;6956.00;1013.0;3636;2629;22.75;-15.881.238;-48.137.806;204;181;163;163.66;0.310;-71;1.01;0.01;0.09;108;21.80;6;1.4;55211;5;-5.27;7.0;-0.38;0.1;8.27;0.00;68.8;69.0;89.5;89.4;614;610;0;0;7279.84;3647.63;3632.22;1455.1;1429.7;10840.;0;AP ENGAGED;AT ENGAGED;0;0;-;-4.00;-3.05;-1.07;1.81;0.38;6.12;0;1;1;0
XX/03/22;05:59:05;APPROACH;AIR;AIR;AIR;6952;6952.00;1013.0;3632;2629;22.75;-15.881.400;-48.136.997;204;181;163;163.66;0.310;-87;0.99;0.00;0.08;107;20.74;7;1.9;55211;5;-3.87;6.9;-0.38;-0.1;7.91;0.00;67.3;68.3;89.1;89.1;609;606;0;0;7280.61;3648.01;3632.60;1382.5;1389.8;10840.;0;AP ENGAGED;AT ENGAGED;0;0;-;-4.00;-3.05;-1.07;3.57;0.19;6.12;0;1;1;0
XX/03/22;05:59:06;APPROACH;AIR;AIR;AIR;6952;6952.00;1013.0;3632;2629;22.50;-15.881.557;-48.136.185;204;181;163;163.66;0.310;-98;0.95;-0.01;0.08;106;17.23;8;2.5;55211;5;-2.46;6.7;-0.13;-0.1;7.74;0.00;66.5;67.6;88.8;88.9;606;604;0;0;7281.37;3648.38;3632.98;1346.2;1364.4;10840.;0;AP ENGAGED;AT ENGAGED;0;0;-;-3.55;-3.05;-0.73;3.57;-0.19;6.09;0;1;1;0
XX/03/22;05:59:07;APPROACH;AIR;AIR;AIR;6948;6948.00;1013.0;3628;2629;22.50;-15.881.710;-48.135.056;204;181;163;163.66;0.310;-105;0.99;-0.01;0.08;106;14.77;8;2.7;55211;5;-1.41;6.9;-0.25;0.1;8.27;0.00;66.3;67.4;88.6;88.8;605;604;0;0;7282.11;3648.75;3633.36;1324.4;1349.8;10840.;0;AP ENGAGED;AT ENGAGED;0;0;-;-3.55;-3.10;-0.73;1.47;-0.32;6.12;0;1;1;0
XX/03/22;05:59:08;APPROACH;AIR;AIR;AIR;6948;6948.00;1013.0;3628;2629;22.50;-15.881.858;-48.134.243;204;181;163;163.66;0.310;-110;1.01;-0.00;0.08;106;14.06;9;2.6;55211;5;-1.76;7.2;-0.50;0.2;8.27;0.00;66.1;67.4;88.6;88.8;605;603;0;0;7282.85;3649.12;3633.73;1313.6;1342.6;10840.;0;AP ENGAGED;AT ENGAGED;0;0;-;-4.14;-3.10;0.85;1.47;-0.25;6.12;0;1;1;0
XX/03/22;05:59:09;APPROACH;AIR;AIR;AIR;6944;6944.00;1013.0;3624;2629;22.50;-15.882.004;-48.133.125;204;181;163;163.66;0.310;-113;1.00;0.00;0.08;106;14.77;9;2.2;55211;5;-3.16;7.0;-0.59;-0.1;7.91;0.00;66.1;67.3;88.6;88.8;606;603;0;0;7283.58;3649.48;3634.10;1306.3;1342.6;10840.;0;AP ENGAGED;AT ENGAGED;0;0;-;-4.14;-3.40;0.85;2.43;-0.06;6.12;0;0;1;0
XX/03/22;05:59:10;APPROACH;AIR;AIR;AIR;6944;6944.00;1013.0;3624;2629;22.50;-15.882.147;-48.132.000;204;181;163;163.66;0.310;-116;0.95;0.01;0.08;106;16.17;8;1.9;55211;5;-3.87;6.5;-0.42;-0.3;7.56;0.00;66.1;66.9;88.6;88.6;605;602;0;0;7284.31;3649.84;3634.47;1306.3;1328.1;10840.;0;AP ENGAGED;AT ENGAGED;0;0;-;-3.80;-3.40;-1.41;2.43;0.06;6.09;0;0;1;0
XX/03/22;05:59:11;APPROACH;AIR;AIR;AIR;6940;6940.00;1013.0;3620;2629;22.50;-15.882.289;-48.131.187;204;181;163;163.66;0.310;-117;0.95;0.00;0.07;105;16.88;8;2.1;55211;5;-2.11;6.2;-0.25;-0.3;7.56;0.00;66.1;66.4;88.6;88.4;605;599;0;0;7285.04;3650.20;3634.83;1302.7;1306.3;10840.;0;AP ENGAGED;AT ENGAGED;0;0;-;-3.80;-3.10;-1.41;1.86;0.13;6.12;0;0;1;0
XX/03/22;05:59:12;APPROACH;AIR;AIR;AIR;6936;6936.00;1013.0;3616;2629;22.50;-15.882.432;-48.130.074;204;181;163;163.66;0.310;-158;0.97;-0.00;0.07;105;15.47;9;2.5;55211;5;-0.35;6.3;-0.42;0.0;7.74;0.00;65.9;65.6;88.5;88.3;603;596;0;0;7285.75;3650.56;3635.19;1291.8;1270.0;10840.;0;AP ENGAGED;AT ENGAGED;0;0;-;-4.05;-3.10;0.85;1.86;-0.06;6.12;0;0;1;0
XX/03/22;05:59:13;APPROACH;AIR;AIR;AIR;6932;6932.00;1013.0;3612;2629;22.50;-15.882.572;-48.129.158;204;181;163;163.66;0.310;-185;0.98;-0.00;0.07;105;14.06;9;2.5;55211;5;-1.05;6.3;-0.50;0.0;7.74;0.00;65.5;64.8;88.4;88.0;601;592;0;0;7286.45;3650.92;3635.53;1280.9;1241.0;10840.;0;AP ENGAGED;AT ENGAGED;0;0;-;-4.05;-3.25;0.85;2.49;-0.13;6.12;0;0;1;0
XX/03/22;05:59:14;APPROACH;AIR;AIR;AIR;6928;6928.00;1013.0;3608;2629;22.50;-15.882.712;-48.128.242;204;182;163;163.66;0.311;-203;0.96;0.00;0.07;105;14.06;9;2.2;55211;5;-1.76;6.2;-0.38;-0.1;7.56;0.00;65.0;64.3;88.1;87.8;600;590;0;0;7287.14;3651.27;3635.87;1266.4;1219.2;10840.;0;AP ENGAGED;AT ENGAGED;0;0;-;-3.85;-3.25;0.85;2.49;-0.06;6.12;0;0;1;0
XX/03/22;05:59:15;APPROACH;AIR;AIR;AIR;6924;6924.00;1013.0;3604;2629;22.50;-15.882.849;-48.127.022;204;182;163;163.66;0.311;-215;0.97;0.00;0.07;105;15.12;9;2.1;55211;5;-1.41;6.0;-0.25;-0.1;7.74;0.00;64.9;64.1;88.1;87.8;598;590;0;0;7287.83;3651.62;3636.21;1255.5;1208.3;10840.;0;AP ENGAGED;AT ENGAGED;0;0;-;-3.85;-3.00;0.85;1.35;0.06;6.12;0;1;1;0
XX/03/22;05:59:16;APPROACH;AIR;AIR;AIR;6916;6916.00;1013.0;3596;2629;22.50;-15.882.987;-48.126.106;204;182;163;163.66;0.312;-263;0.98;0.00;0.07;105;15.82;9;2.1;55211;5;-1.76;6.0;-0.34;-0.0;7.74;0.00;64.6;63.9;88.1;87.6;597;587;0;0;7288.50;3651.97;3636.54;1244.6;1197.4;10840.;0;AP ENGAGED;AT ENGAGED;0;0;-;-3.90;-3.00;0.91;1.35;0.06;6.12;0;1;1;0
XX/03/22;05:59:17;APPROACH;AIR;AIR;AIR;6912;6912.00;1013.0;3592;2629;22.50;-15.883.123;-48.125.191;204;182;163;163.66;0.312;-295;0.98;0.00;0.07;105;16.17;9;2.1;55211;5;-2.11;6.0;-0.59;-0.0;7.74;0.00;64.0;62.8;87.9;87.3;594;582;0;0;7289.17;3652.31;3636.86;1226.5;1164.8;10840.;0;AP ENGAGED;AT ENGAGED;0;0;-;-3.90;-3.45;0.91;2.26;0.06;6.12;0;1;1;0
XX/03/22;05:59:18;APPROACH;AIR;AIR;AIR;6904;6904.00;1013.0;3584;2629;22.50;-15.883.258;-48.124.062;204;183;163;163.66;0.313;-316;0.95;0.00;0.06;105;16.88;9;2.2;55211;5;-2.11;5.6;-0.50;-0.2;7.39;0.00;63.0;61.1;87.6;86.9;590;576;0;0;7289.81;3652.64;3637.17;1190.2;1117.6;10840.;0;AP ENGAGED;AT ENGAGED;0;0;-;-3.95;-3.45;0.79;2.26;0.00;6.12;0;1;1;0
XX/03/22;05:59:19;APPROACH;AIR;AIR;AIR;6896;6896.00;1013.0;3576;2629;22.50;-15.883.393;-48.123.249;205;183;163;163.66;0.313;-370;0.94;-0.00;0.05;104;16.88;9;2.3;55211;5;-2.11;5.3;-0.38;-0.3;7.39;0.00;62.0;59.6;87.4;86.5;586;570;0;0;7290.42;3652.96;3637.47;1153.9;1059.5;10840.;0;AP ENGAGED;AT ENGAGED;0;0;-;-3.95;-3.10;0.79;1.07;0.06;6.12;0;1;1;0
XX/03/22;05:59:20;APPROACH;AIR;AIR;AIR;6884;6884.00;1013.0;3564;2629;22.50;-15.883.525;-48.122.440;205;183;163;163.66;0.313;-446;0.95;0.00;0.05;104;17.23;9;2.2;55211;5;-2.46;5.1;-0.38;-0.2;7.21;0.00;60.6;58.6;86.9;86.1;578;565;0;0;7291.02;3653.27;3637.75;1110.4;1019.6;10840.;0;AP ENGAGED;AT ENGAGED;0;0;-;-3.90;-3.10;0.68;1.07;0.00;6.12;0;1;1;0
XX/03/22;05:59:21;APPROACH;AIR;AIR;AIR;6876;6876.00;1013.0;3556;2629;22.50;-15.883.657;-48.121.311;204;184;163;163.66;0.314;-497;0.95;0.00;0.05;104;18.63;9;2.1;55211;5;-2.81;5.1;-0.38;-0.0;7.21;0.00;58.5;56.9;86.4;85.4;569;556;0;0;7291.57;3653.56;3638.01;1045.0;947.10;10840.;0;AP ENGAGED;AT ENGAGED;0;0;-;-3.90;-3.15;0.68;1.24;0.00;6.09;0;1;1;0
XX/03/22;05:59:22;APPROACH;AIR;AIR;AIR;6864;6864.00;1013.0;3544;2629;22.50;-15.883.787;-48.120.502;204;184;163;163.66;0.315;-531;0.96;0.00;0.04;104;20.39;9;2.1;55211;5;-2.81;4.9;-0.21;-0.1;7.21;0.00;56.0;53.8;85.6;84.5;560;544;0;0;7292.07;3653.82;3638.25;950.73;860.01;10840.;0;AP ENGAGED;AT ENGAGED;0;0;-;-3.35;-3.15;0.74;1.24;0.06;6.09;0;1;1;0
XX/03/22;05:59:23;APPROACH;AIR;AIR;AIR;6852;6852.00;1013.0;3532;2629;22.50;-15.883.915;-48.119.385;204;184;163;163.66;0.315;-593;0.96;-0.00;0.03;104;22.85;9;2.2;55211;5;-3.16;4.7;0.04;-0.1;7.21;0.00;52.3;49.8;84.8;83.5;545;532;0;0;7292.52;3654.06;3638.46;852.75;765.66;10840.;0;AP ENGAGED;AT ENGAGED;0;0;-;-3.35;-2.50;0.74;3.40;0.06;6.12;0;1;1;0
XX/03/22;05:59:24;APPROACH;AIR;AIR;AIR;6836;6836.00;1013.0;3516;2629;22.50;-15.884.042;-48.118.259;204;185;163;163.66;0.316;-675;0.98;-0.00;0.03;103;24.61;9;2.2;55211;5;-3.16;4.9;0.08;0.1;7.56;0.00;48.3;44.6;83.4;81.6;534;521;0;0;7292.91;3654.26;3638.64;743.89;645.92;10840.;0;AP ENGAGED;AT ENGAGED;0;0;-;-3.25;-2.50;-0.67;3.40;0.00;6.09;0;1;1;0
XX/03/22;05:59:25;APPROACH;AIR;AIR;AIR;6824;6824.00;1013.0;3504;2629;22.50;-15.884.166;-48.117.451;203;186;163;163.66;0.318;-729;1.00;-0.00;0.02;103;26.37;10;2.4;55211;5;-1.76;4.9;0.08;0.0;7.74;0.00;43.6;40.1;81.8;80.0;524;517;0;0;7293.23;3654.44;3638.79;616.89;537.05;10840.;0;AP ENGAGED;AT ENGAGED;0;0;-;-3.25;-2.60;-0.67;2.94;-0.06;6.09;0;0;1;0
XX/03/22;05:59:26;APPROACH;AIR;AIR;AIR;6812;6812.00;1013.0;3492;2629;22.50;-15.884.288;-48.116.337;203;185;163;163.66;0.316;-726;0.99;-0.01;0.02;103;29.18;11;2.6;55211;5;-0.70;4.9;-0.09;0.0;7.56;0.00;40.0;36.3;80.1;78.5;521;514;0;0;7293.50;3654.58;3638.92;533.43;460.85;10840.;0;AP ENGAGED;AT ENGAGED;0;0;-;-3.50;-2.60;-0.79;2.94;-0.25;6.09;0;0;1;0
XX/03/22;05:59:27;APPROACH;AIR;AIR;AIR;6796;6796.00;1013.0;3476;2629;22.50;-15.884.409;-48.115.421;203;185;163;163.66;0.315;-764;0.93;-0.00;0.01;103;30.23;11;2.5;55211;5;-0.35;4.6;0.04;-0.2;7.21;0.00;36.6;33.8;78.5;76.8;518;514;0;0;7293.75;3654.71;3639.04;468.11;413.68;10840.;0;AP ENGAGED;AT ENGAGED;0;0;-;-3.50;-2.65;-0.79;2.43;-0.19;6.18;0;1;1;0
XX/03/22;05:59:28;APPROACH;AIR;AIR;AIR;6780;6780.00;1013.0;3460;2629;22.50;-15.884.527;-48.114.506;202;186;163;163.66;0.317;-829;0.96;-0.00;0.01;103;31.99;11;2.4;55211;5;0.35;4.4;-0.29;-0.1;7.39;0.00;34.4;31.8;76.8;75.4;518;514;0;0;7293.97;3654.83;3639.14;420.93;373.76;10840.;0;AP ENGAGED;AT ENGAGED;0;0;-;-3.85;-2.65;0.62;2.43;0.00;6.35;0;1;1;0
XX/03/22;05:59:29;APPROACH;AIR;AIR;AIR;6764;6764.00;1013.0;3444;2629;22.50;-15.884.647;-48.113.289;202;186;163;163.66;0.318;-872;0.97;-0.00;0.01;103;34.45;11;2.3;55211;5;0.35;4.2;-0.34;-0.1;7.39;0.00;32.8;30.3;75.3;74.1;518;516;0;0;7294.18;3654.94;3639.24;381.02;359.25;10840.;0;AP ENGAGED;AT ENGAGED;0;0;-;-3.85;-3.10;0.62;1.92;0.00;6.35;0;1;1;0
XX/03/22;05:59:30;APPROACH;AIR;AIR;AIR;6748;6748.00;1013.0;3428;2629;22.75;-15.884.766;-48.112.373;201;186;163;163.66;0.318;-901;0.95;0.00;0.01;104;37.62;12;2.1;55211;5;0.35;3.9;-0.34;-0.2;7.21;0.00;31.5;30.5;74.0;74.0;518;534;0;0;7294.39;3655.04;3639.35;362.87;406.42;10840.;0;AP ENGAGED;AT ENGAGED;0;0;-;-3.75;-3.10;1.02;1.92;0.06;6.29;0;1;1;0
XX/03/22;05:59:31;APPROACH;AIR;AIR;AIR;6728;6728.00;1013.0;3408;2629;22.75;-15.884.581;-48.111.458;201;186;163;163.66;0.318;-960;0.94;-0.00;0.01;104;40.43;12;2.0;55211;5;0.00;3.7;-0.13;-0.2;7.03;0.00;31.6;30.5;73.6;74.3;533;543;0;0;7294.61;3655.15;3639.47;395.53;413.68;10840.;0;AP ENGAGED;AT ENGAGED;0;0;-;-3.75;-2.80;1.02;2.09;0.13;6.35;0;1;1;0
XX/03/22;05:59:32;APPROACH;AIR;AIR;AIR;6712;6712.00;1013.0;3392;2629;22.75;-15.884.398;-48.110.332;201;186;163;163.66;0.318;-1000;0.96;0.00;0.01;104;42.89;12;1.9;55211;5;-0.35;3.7;-0.13;-0.0;7.39;0.00;31.9;30.4;73.8;74.0;545;544;0;0;7294.85;3655.26;3639.58;420.93;413.68;10840.;0;AP ENGAGED;AT ENGAGED;0;0;-;-3.50;-2.80;1.47;2.09;0.13;6.35;0;1;1;0
XX/03/22;05:59:33;APPROACH;AIR;AIR;AIR;6692;6692.00;1013.0;3372;2629;22.75;-15.884.215;-48.109.524;200;186;163;163.63;0.317;-1026;1.00;-0.00;0.01;104;45.00;12;2.0;55193;5;-0.35;3.7;-0.09;-0.0;7.56;0.00;32.0;30.5;73.9;74.1;550;549;0;0;7295.08;3655.38;3639.70;424.56;424.56;10840.;0;AP ENGAGED;AT ENGAGED;0;0;-;-3.50;-2.80;1.47;-0.74;0.06;6.32;0;1;1;0
XX/03/22;05:59:34;APPROACH;AIR;AIR;AIR;6672;6672.00;1013.0;3352;2629;22.75;-15.884.032;-48.108.715;200;187;163;163.63;0.319;-1084;0.99;-0.00;0.01;104;47.11;13;1.8;55193;5;-1.76;3.9;-0.13;0.1;7.56;0.00;32.0;30.6;73.9;74.1;552;551;0;0;7295.32;3655.50;3639.82;428.19;420.93;10840.;0;AP ENGAGED;AT ENGAGED;0;0;-;-3.65;-2.80;0.40;-0.74;0.06;6.32;0;1;1;0
XX/03/22;05:59:35;APPROACH;AIR;AIR;AIR;6652;6652.00;1013.0;3332;2629;22.75;-15.882.324;-48.107.590;200;187;163;163.63;0.318;-1122;0.99;0.00;0.01;103;49.92;13;1.6;55193;5;-3.52;3.7;-0.21;-0.1;7.39;0.00;32.0;30.6;73.9;74.1;554;552;0;0;7295.56;3655.62;3639.94;431.82;424.56;10840.;0;AP ENGAGED;AT ENGAGED;0;0;-;-3.65;-2.90;0.40;3.96;0.06;6.32;0;1;1;0
XX/03/22;05:59:36;APPROACH;AIR;AIR;AIR;6632;6632.00;1013.0;3312;2629;22.75;-15.880.614;-48.106.777;200;187;163;163.63;0.318;-1148;0.96;-0.00;0.01;103;52.03;13;1.6;55193;5;-2.46;3.5;-0.17;-0.1;7.39;0.00;32.1;30.6;73.9;74.1;554;553;0;0;7295.79;3655.74;3640.05;431.82;428.19;10840.;0;AP ENGAGED;AT ENGAGED;0;0;-;-3.75;-2.90;-0.84;3.96;0.13;6.38;0;1;1;0
XX/03/22;05:59:37;APPROACH;AIR;AIR;AIR;6608;6608.00;1013.0;3288;2629;22.75;-15.878.903;-48.105.968;199;187;163;163.63;0.319;-1205;0.98;-0.00;0.01;103;52.38;13;1.9;55193;5;-0.35;3.5;-0.29;-0.0;7.39;0.00;32.1;30.6;73.8;74.1;554;554;0;0;7296.03;3655.86;3640.17;431.82;428.19;10720.;0;AP ENGAGED;AT ENGAGED;0;0;-;-3.75;-3.20;-0.84;3.00;-0.06;6.35;0;1;1;0
XX/03/22;05:59:38;APPROACH;AIR;AIR;AIR;6588;6588.00;1013.0;3268;2629;23.00;-15.877.191;-48.104.843;199;187;163;163.63;0.318;-1243;0.95;-0.01;0.01;103;52.03;13;2.2;55193;5;0.70;3.2;-0.34;-0.2;7.21;0.00;32.1;30.6;73.8;74.1;554;554;0;0;7296.27;3655.98;3640.29;435.45;428.19;10720.;0;AP ENGAGED;AT ENGAGED;0;0;-;-3.90;-3.20;-0.39;3.00;-0.25;6.35;0;1;1;0
XX/03/22;05:59:39;APPROACH;AIR;AIR;AIR;6564;6564.00;1013.0;3244;2629;23.00;-15.875.477;-48.104.031;199;188;163;163.63;0.319;-1268;0.96;-0.00;0.01;103;52.38;14;2.0;55193;5;1.05;3.0;-0.29;-0.1;7.21;0.00;32.1;30.6;73.8;74.0;555;555;0;0;7296.51;3656.10;3640.41;435.45;431.82;10720.;0;AP ENGAGED;AT ENGAGED;0;0;-;-3.90;-3.00;-0.39;1.30;-0.19;6.35;0;1;1;0
XX/03/22;05:59:40;APPROACH;AIR;AIR;AIR;6540;6540.00;1013.0;3220;2629;23.00;-15.875.596;-48.103.226;199;188;163;163.63;0.320;-1325;0.97;-0.00;0.01;104;54.14;14;1.7;55193;5;0.35;2.8;-0.25;-0.1;7.03;0.00;32.1;30.8;73.8;74.1;555;555;0;0;7296.75;3656.22;3640.53;435.45;431.82;10720.;0;AP ENGAGED;AT ENGAGED;0;0;-;-3.75;-3.00;1.42;1.30;-0.06;6.35;0;1;1;0
XX/03/22;05:59:41;APPROACH;AIR;AIR;AIR;6516;6516.00;1013.0;3196;2629;23.00;-15.875.715;-48.102.097;199;189;163;163.63;0.321;-1363;0.97;0.00;0.01;104;57.66;14;1.1;55193;5;-0.70;2.8;-0.21;-0.0;7.03;0.00;32.1;30.8;73.8;74.1;554;555;0;0;7297.00;3656.34;3640.65;439.08;431.82;10720.;0;AP ENGAGED;AT ENGAGED;0;0;-;-3.75;-2.85;1.42;2.20;0.00;6.32;0;1;1;0
XX/03/22;05:59:42;APPROACH;AIR;AIR;AIR;6492;6492.00;1013.0;3172;2629;23.00;-15.875.835;-48.101.288;199;189;163;163.63;0.321;-1388;0.99;0.00;0.01;104;61.17;14;1.0;55193;5;-0.70;2.8;-0.25;-0.0;7.03;0.00;32.1;30.8;73.8;74.0;554;555;0;0;7297.24;3656.47;3640.77;439.08;431.82;10720.;0;AP ENGAGED;AT ENGAGED;0;0;-;-3.80;-2.85;1.08;2.20;0.13;6.35;0;1;1;0
XX/03/22;05:59:43;APPROACH;AIR;AIR;AIR;6468;6468.00;1013.0;3148;2629;23.00;-15.875.958;-48.100.479;199;189;163;163.63;0.321;-1405;0.99;-0.00;0.01;104;63.98;14;0.9;55193;5;-0.70;2.8;-0.29;-0.0;7.21;0.00;32.1;30.8;73.8;74.0;554;555;0;0;7297.48;3656.59;3640.89;439.08;431.82;10720.;0;AP ENGAGED;AT ENGAGED;0;0;-;-3.80;-3.15;1.08;1.35;0.06;6.35;0;1;1;0
XX/03/22;05:59:44;APPROACH;AIR;AIR;AIR;6444;6444.00;1013.0;3124;2629;23.00;-15.876.082;-48.099.354;199;190;163;163.63;0.322;-1417;0.98;-0.00;0.01;104;66.45;14;0.8;55193;5;-1.41;2.8;-0.34;-0.0;7.03;0.00;32.3;30.8;73.8;74.0;554;555;0;0;7297.72;3656.71;3641.01;442.71;435.45;10720.;0;AP ENGAGED;AT ENGAGED;0;0;-;-3.85;-3.15;-1.35;1.35;0.06;6.35;0;1;1;0
XX/03/22;05:59:45;APPROACH;AIR;AIR;AIR;6420;6420.00;1013.0;3100;2629;23.00;-15.876.207;-48.098.545;199;190;163;163.63;0.323;-1424;0.96;-0.01;0.01;104;68.91;15;0.6;55193;5;-1.41;2.6;-0.34;-0.1;7.03;0.00;32.3;30.8;73.8;74.0;554;555;0;0;7297.97;3656.84;3641.13;442.71;435.45;10720.;0;AP ENGAGED;AT ENGAGED;0;0;-;-3.85;-3.20;-1.35;4.02;-0.13;6.35;0;1;1;0
XX/03/22;05:59:46;APPROACH;AIR;AIR;AIR;6392;6392.00;1013.0;3072;2629;23.00;-15.876.331;-48.097.427;199;191;163;163.63;0.324;-1469;0.98;-0.00;0.01;104;71.02;15;0.6;55193;5;0.70;2.6;-0.29;-0.0;6.86;0.00;32.3;30.8;73.8;74.0;553;555;0;0;7298.21;3656.96;3641.25;442.71;435.45;10720.;0;AP ENGAGED;AT ENGAGED;0;0;-;-3.95;-3.20;1.13;4.02;-0.13;6.32;0;1;1;0
XX/03/22;05:59:47;APPROACH;AIR;AIR;AIR;6368;6368.00;1013.0;3048;2629;23.00;-15.876.458;-48.096.306;199;192;163;163.63;0.325;-1499;1.00;-0.00;0.01;105;72.42;15;0.7;55193;5;2.11;2.6;-0.38;-0.0;7.03;0.00;32.3;30.8;73.8;74.0;553;555;0;0;7298.46;3657.08;3641.38;442.71;439.08;10720.;0;AP ENGAGED;AT ENGAGED;0;0;-;-3.95;-3.20;1.13;-0.57;0.06;6.32;0;1;1;0
XX/03/22;05:59:48;APPROACH;AIR;AIR;AIR;6340;6340.00;1013.0;3020;2629;23.00;-15.876.586;-48.095.493;199;192;163;163.63;0.325;-1519;1.00;0.00;0.00;105;73.83;16;0.4;55193;5;1.41;2.5;-0.34;-0.1;6.86;0.00;32.3;30.8;73.8;74.0;553;555;0;0;7298.70;3657.21;3641.50;446.34;435.45;10720.;0;AP ENGAGED;AT ENGAGED;0;0;-;-3.90;-3.20;2.55;-0.57;0.13;6.32;0;1;1;0
XX/03/22;05:59:49;APPROACH;AIR;AIR;AIR;6316;6316.00;1013.0;2996;2629;23.00;-15.876.715;-48.094.376;199;193;163;163.63;0.326;-1533;0.98;0.00;0.01;105;75.94;16;0.3;55193;5;-0.35;2.5;-0.25;-0.0;6.68;0.00;32.3;30.8;73.8;74.0;552;555;0;0;7298.95;3657.33;3641.62;446.34;439.08;10720.;0;AP ENGAGED;AT ENGAGED;0;0;-;-3.90;-3.10;2.55;1.64;0.19;6.32;0;1;1;0
XX/03/22;05:59:50;APPROACH;AIR;AIR;AIR;6292;6292.00;1013.0;2972;2629;23.00;-15.876.847;-48.093.460;199;193;163;163.63;0.327;-1502;0.99;0.00;0.01;105;78.05;17;0.3;55193;5;-1.05;2.5;-0.29;-0.0;6.86;0.00;32.3;30.8;73.8;74.0;552;554;0;0;7299.19;3657.45;3641.74;446.34;439.08;10720.;0;AP ENGAGED;AT ENGAGED;0;0;-;-3.90;-3.10;-0.16;1.64;0.25;6.32;0;1;1;0
XX/03/22;05:59:51;APPROACH;AIR;AIR;AIR;6268;6268.00;1013.0;2948;2623;23.00;-15.876.978;-48.092.545;199;194;163;163.63;0.328;-1482;1.01;-0.00;0.00;105;78.40;17;0.4;55193;5;-0.70;2.6;-0.34;0.1;6.86;0.00;32.3;30.8;73.8;74.0;551;554;0;0;7299.44;3657.58;3641.86;446.34;435.45;10720.;0;AP ENGAGED;AT ENGAGED;0;0;-;-3.90;-3.35;-0.16;2.37;0.00;6.35;0;1;1;0
XX/03/22;05:59:52;APPROACH;AIR;AIR;AIR;6244;6244.00;1013.0;2924;2614;23.00;-15.877.109;-48.091.324;199;194;163;163.63;0.328;-1468;1.01;-0.01;0.00;105;78.40;18;0.5;55193;5;-0.70;2.6;-0.46;0.0;6.86;0.00;32.3;30.9;73.8;74.0;551;554;0;0;7299.69;3657.70;3641.98;446.34;439.08;10720.;0;AP ENGAGED;AT ENGAGED;0;0;-;-4.09;-3.35;-1.81;2.37;-0.19;6.35;0;1;1;0
XX/03/22;05:59:53;APPROACH;AIR;AIR;AIR;6216;6216.00;1013.0;2896;2597;23.00;-15.877.241;-48.090.408;199;194;163;163.63;0.328;-1498;0.98;-0.01;0.00;105;78.75;18;0.4;55193;5;-0.35;2.6;-0.38;0.0;6.68;0.00;32.3;30.8;73.8;74.0;551;554;0;0;7299.93;3657.83;3642.11;446.34;439.08;10720.;0;AP ENGAGED;AT ENGAGED;0;0;-;-4.09;-3.20;-1.81;3.57;-0.19;6.35;0;1;1;0
XX/03/22;05:59:54;APPROACH;AIR;AIR;AIR;6192;6192.00;1013.0;2872;2529;23.00;-15.877.371;-48.089.493;199;195;163;163.63;0.329;-1519;1.00;-0.01;0.00;105;78.40;18;0.6;55193;5;2.11;2.6;-0.38;0.0;6.68;0.00;32.3;30.8;73.8;74.0;551;553;0;0;7300.18;3657.95;3642.23;449.96;439.08;10720.;0;AP ENGAGED;AT ENGAGED;0;0;-;-4.00;-3.20;1.19;3.57;-0.13;6.35;0;1;1;0
XX/03/22;05:59:55;APPROACH;AIR;AIR;AIR;6172;6172.00;1013.0;2852;2457;23.00;-15.877.503;-48.088.371;199;195;163;163.63;0.330;-1453;1.01;-0.01;0.00;105;78.40;19;0.6;55193;5;2.81;2.8;-0.42;0.1;6.68;0.00;32.3;30.9;73.8;74.0;550;554;0;0;7300.43;3658.07;3642.35;446.34;442.71;10720.;0;AP ENGAGED;AT ENGAGED;0;0;-;-4.00;-3.35;1.19;-0.01;-0.19;6.32;0;1;1;0
XX/03/22;05:59:56;APPROACH;AIR;AIR;AIR;6148;6148.00;1013.0;2828;2419;23.00;-15.877.636;-48.087.559;199;195;163;163.63;0.329;-1409;1.01;-0.00;0.00;106;79.45;19;0.2;55193;5;1.05;2.6;-0.25;-0.1;6.51;0.00;32.3;30.9;73.8;74.0;550;553;0;0;7300.67;3658.20;3642.47;449.96;442.71;10720.;0;AP ENGAGED;AT ENGAGED;0;0;-;-3.35;-3.35;0.85;-0.01;-0.06;6.09;0;1;1;0
XX/03/22;05:59:57;APPROACH;AIR;AIR;AIR;6124;6124.00;1013.0;2804;2399;23.00;-15.877.773;-48.086.746;198;195;163;163.63;0.329;-1419;0.98;0.01;0.00;106;81.91;19;-0.3;55193;5;-0.35;2.5;0.08;-0.1;6.51;0.00;32.3;30.9;73.8;74.0;550;553;0;0;7300.92;3658.32;3642.60;449.96;442.71;10720.;0;AP ENGAGED;AT ENGAGED;0;0;-;-3.35;-2.55;0.85;2.89;0.13;6.06;0;1;1;0
XX/03/22;05:59:58;APPROACH;AIR;AIR;AIR;6100;6100.00;1013.0;2780;2360;23.25;-15.877.910;-48.085.629;198;195;163;163.63;0.329;-1426;1.00;-0.00;0.00;106;83.67;20;-0.2;55193;5;0.35;2.6;0.04;0.1;6.68;0.00;32.3;30.8;73.8;74.0;549;552;0;0;7301.17;3658.45;3642.72;449.96;442.71;10720.;0;AP ENGAGED;AT ENGAGED;0;0;-;-3.35;-2.55;-0.16;2.89;0.19;6.06;0;1;1;0
XX/03/22;05:59:59;APPROACH;AIR;AIR;AIR;6084;6084.00;1013.0;2764;2342;23.25;-15.878.050;-48.084.816;198;196;163;163.63;0.330;-1352;1.01;-0.00;0.00;106;84.38;20;0.1;55193;5;1.76;3.0;-0.09;0.2;6.68;0.00;32.3;30.8;73.8;74.0;549;552;0;0;7301.42;3658.57;3642.84;449.96;446.34;10720.;0;AP ENGAGED;AT ENGAGED;0;0;-;-3.35;-2.80;-0.16;2.54;-0.06;6.03;0;1;1;0
XX/03/22;06:00:00;APPROACH;AIR;AIR;AIR;6064;6064.00;1013.0;2744;2328;23.25;-15.878.192;-48.084.003;198;196;163;163.63;0.330;-1262;1.01;-0.01;-0.01;106;84.02;20;0.2;55193;5;1.76;3.0;-0.04;0.0;6.86;0.00;32.3;30.8;73.8;74.0;550;552;0;0;7301.67;3658.70;3642.97;453.59;442.71;10720.;0;AP ENGAGED;AT ENGAGED;0;0;-;-3.50;-2.80;1.30;2.54;-0.19;6.00;0;1;1;0
XX/03/22;06:00:01;APPROACH;AIR;AIR;AIR;6040;6040.00;1013.0;2720;2313;23.25;-15.878.335;-48.082.886;198;195;163;163.63;0.329;-1281;1.02;-0.00;-0.02;107;84.73;20;0.0;55193;5;1.41;3.0;-0.46;0.0;6.86;0.00;32.3;30.8;73.8;74.0;550;552;0;0;7301.92;3658.83;3643.09;453.59;442.71;10720.;4;AP ENGAGED;AT ENGAGED;0;0;-;-3.50;-3.05;1.30;0.84;-0.06;6.03;0;1;1;0
XX/03/22;06:00:02;APPROACH;AIR;AIR;AIR;6016;6016.00;1013.0;2696;2278;23.25;-15.878.479;-48.082.073;197;195;163;163.63;0.328;-1334;0.98;-0.00;-0.03;107;85.78;21;-0.2;55193;5;0.70;2.6;0.08;-0.2;6.33;0.00;32.3;30.8;73.8;73.9;550;551;0;0;7302.17;3658.95;3643.21;453.59;446.34;10720.;4;AP ENGAGED;AT ENGAGED;0;0;-;-3.00;-3.05;1.53;0.84;0.00;6.00;0;1;1;0
XX/03/22;06:00:03;APPROACH;AIR;AIR;AIR;5996;5996.00;1013.0;2676;2251;23.25;-15.878.623;-48.081.257;196;194;163;163.63;0.327;-1329;0.96;-0.00;-0.03;107;86.48;21;-0.3;55193;5;0.00;2.6;0.29;-0.0;6.51;0.00;32.3;30.8;73.8;73.9;550;551;0;0;7302.42;3659.08;3643.34;453.59;442.71;10720.;4;AP ENGAGED;AT ENGAGED;0;0;-;-3.00;-2.15;1.53;0.67;0.13;6.03;0;1;1;0
XX/03/22;06:00:04;APPROACH;AIR;AIR;AIR;5976;5976.00;1013.0;2656;2218;23.50;-15.878.768;-48.080.143;195;194;163;163.63;0.326;-1286;1.01;-0.00;-0.02;107;87.19;21;-0.3;55193;5;-0.35;3.0;0.25;0.2;7.21;0.00;32.3;30.9;73.6;74.0;550;552;0;0;7302.67;3659.21;3643.46;457.22;446.34;10720.;3;AP ENGAGED;AT ENGAGED;0;0;-;-3.00;-2.15;1.47;0.67;0.06;6.03;0;1;1;0
XX/03/22;06:00:05;APPROACH;AIR;AIR;AIR;5956;5956.00;1013.0;2636;2213;23.50;-15.878.913;-48.079.330;195;193;163;163.63;0.325;-1258;1.03;0.00;-0.02;107;87.89;21;-0.4;55193;5;-1.41;3.5;0.21;0.4;7.39;0.00;32.3;30.8;73.8;74.0;550;551;0;0;7302.92;3659.33;3643.59;457.22;446.34;10720.;4;AP ENGAGED;AT ENGAGED;0;0;-;-3.00;-2.35;1.47;2.26;0.00;6.03;0;1;1;0
XX/03/22;06:00:06;APPROACH;AIR;AIR;AIR;5940;5940.00;1013.0;2620;2204;23.50;-15.879.058;-48.078.518;194;192;163;163.63;0.323;-1199;1.01;0.01;-0.02;107;88.95;21;-0.4;55193;5;-1.76;3.5;0.13;0.1;7.21;0.00;32.3;30.8;73.8;74.0;550;551;0;0;7303.17;3659.46;3643.71;457.22;446.34;10720.;4;AP ENGAGED;AT ENGAGED;0;0;-;-3.30;-2.35;0.68;2.26;0.00;6.12;0;1;1;0
XX/03/22;06:00:07;APPROACH;AIR;AIR;AIR;5920;5920.00;1013.0;2600;2191;23.50;-15.879.201;-48.077.400;193;192;163;163.63;0.322;-1160;1.01;-0.00;-0.02;107;89.30;21;-0.4;55193;5;-1.05;3.7;-0.21;0.1;7.39;0.00;32.3;30.8;73.8;73.9;549;550;0;0;7303.42;3659.59;3643.83;457.22;446.34;10720.;3;AP ENGAGED;AT ENGAGED;0;0;-;-3.30;-3.05;0.68;0.90;0.06;6.29;0;1;1;0
XX/03/22;06:00:08;APPROACH;AIR;AIR;AIR;5904;5904.00;1013.0;2584;2176;23.50;-15.879.344;-48.076.584;192;191;163;163.63;0.320;-1134;1.00;-0.00;-0.02;106;88.95;21;-0.4;55193;5;-1.41;3.7;-0.29;0.0;7.21;0.00;32.3;30.8;73.8;74.0;549;551;0;0;7303.67;3659.71;3643.96;453.59;446.34;10720.;4;AP ENGAGED;AT ENGAGED;0;0;-;-3.80;-3.05;0.45;0.90;0.00;6.29;0;1;1;0
XX/03/22;06:00:09;APPROACH;AIR;AIR;AIR;5884;5884.00;1013.0;2564;2170;23.50;-15.879.484;-48.075.771;192;190;163;163.63;0.319;-1116;0.98;0.00;-0.02;106;89.30;21;-0.4;55193;5;-2.46;3.5;-0.29;-0.1;7.03;0.00;32.1;30.8;73.8;74.0;548;551;0;0;7303.92;3659.84;3644.08;453.59;446.34;10720.;4;AP ENGAGED;AT ENGAGED;0;0;-;-3.80;-3.05;0.45;3.57;-0.06;6.32;0;1;1;0
XX/03/22;06:00:10;APPROACH;AIR;AIR;AIR;5868;5868.00;1013.0;2548;2159;23.50;-15.879.318;-48.074.661;191;190;163;163.63;0.318;-1104;0.97;-0.00;-0.02;106;89.30;21;-0.4;55193;5;-1.41;3.3;-0.21;-0.1;7.03;0.00;32.1;30.8;73.8;73.9;548;550;0;0;7304.17;3659.96;3644.21;453.59;446.34;10720.;4;AP ENGAGED;AT ENGAGED;0;0;-;-3.55;-3.05;0.28;3.57;-0.06;6.32;0;1;1;0
XX/03/22;06:00:11;APPROACH;AIR;AIR;AIR;5848;5848.00;1013.0;2528;2151;23.50;-15.879.150;-48.073.845;190;189;163;163.63;0.317;-1096;0.98;-0.00;-0.02;106;88.59;21;-0.1;55193;5;0.35;3.3;-0.09;-0.0;7.21;0.00;32.1;30.8;73.6;73.9;548;550;0;0;7304.42;3660.09;3644.33;453.59;449.96;10720.;3;AP ENGAGED;AT ENGAGED;0;0;-;-3.55;-2.70;0.28;-0.01;-0.13;6.32;0;1;1;0
XX/03/22;06:00:12;APPROACH;AIR;AIR;AIR;5828;5828.00;1013.0;2508;2148;23.50;-15.878.980;-48.073.032;189;189;163;163.63;0.317;-1130;1.01;-0.01;-0.02;106;87.89;21;-0.1;55193;5;0.00;3.5;-0.04;0.1;7.56;0.00;32.1;30.8;73.8;73.9;548;551;0;0;7304.67;3660.22;3644.46;457.22;449.96;10720.;4;AP ENGAGED;AT ENGAGED;0;0;-;-3.15;-2.70;1.19;-0.01;-0.19;6.26;0;1;1;0
XX/03/22;06:00:13;APPROACH;AIR;AIR;AIR;5812;5812.00;1013.0;2492;2141;23.50;-15.878.809;-48.071.918;189;188;163;163.63;0.315;-1114;1.00;0.00;-0.01;106;88.24;21;-0.4;55193;5;-2.11;3.7;0.25;0.1;7.74;0.00;32.1;30.8;73.8;74.0;548;551;0;0;7304.93;3660.34;3644.58;457.22;453.59;10720.;4;AP ENGAGED;AT ENGAGED;0;0;-;-3.15;-2.20;1.19;3.17;0.00;6.29;0;1;1;0
XX/03/22;06:00:14;APPROACH;AIR;AIR;AIR;5792;5792.00;1013.0;2472;2116;23.50;-15.877.600;-48.071.106;188;187;163;163.63;0.314;-1103;1.03;0.00;-0.01;106;88.95;21;-0.5;55193;5;-1.76;4.0;0.25;0.2;7.91;0.00;32.1;30.8;73.8;73.9;548;552;0;0;7305.18;3660.47;3644.71;457.22;457.22;10720.;4;AP ENGAGED;AT ENGAGED;0;0;-;-3.15;-2.20;1.13;3.17;-0.06;6.29;0;1;1;0
XX/03/22;06:00:15;APPROACH;AIR;AIR;AIR;5776;5776.00;1013.0;2456;2099;23.50;-15.876.392;-48.070.290;187;186;163;163.63;0.312;-1095;1.04;-0.00;-0.01;106;89.30;21;-0.4;55193;5;-0.35;4.4;0.04;0.3;7.91;0.00;32.1;30.8;73.8;73.9;548;552;0;0;7305.43;3660.60;3644.83;457.22;453.59;10720.;4;AP ENGAGED;AT ENGAGED;0;0;-;-3.15;-2.65;1.13;2.09;0.00;6.32;0;1;1;0
XX/03/22;06:00:16;APPROACH;AIR;AIR;AIR;5760;5760.00;1013.0;2440;2068;23.50;-15.875.181;-48.069.180;186;185;163;163.63;0.310;-1051;1.02;-0.00;-0.02;105;88.95;21;-0.4;55193;5;-0.70;4.2;0.04;-0.1;7.74;0.00;32.1;30.8;73.8;73.9;548;553;0;0;7305.69;3660.73;3644.96;460.85;457.22;10720.;3;AP ENGAGED;AT ENGAGED;0;0;-;-3.30;-2.65;-0.50;2.09;-0.06;6.29;0;1;1;0
XX/03/22;06:00:17;APPROACH;AIR;AIR;AIR;5748;5748.00;1013.0;2428;2058;23.50;-15.873.969;-48.068.363;185;184;163;154.50;0.309;-981;1.01;-0.00;-0.02;105;88.95;21;-0.4;55193;10;-0.70;4.2;0.00;-0.0;7.39;0.00;32.1;30.9;73.8;73.9;549;554;0;0;7305.94;3660.85;3645.09;460.85;460.85;10720.;4;AP ENGAGED;AT ENGAGED;0;0;-;-3.30;-2.75;-0.50;3.45;-0.13;6.32;0;1;1;0
XX/03/22;06:00:18;APPROACH;AIR;AIR;AIR;5736;5736.00;1013.0;2416;2036;23.50;-15.872.757;-48.067.547;184;183;163;154.50;0.307;-895;1.04;-0.00;-0.03;106;88.59;21;-0.3;55193;10;0.70;4.2;-0.34;-0.0;7.21;0.00;32.1;30.8;73.8;73.9;549;554;0;0;7306.20;3660.98;3645.22;460.85;460.85;10720.;3;AP ENGAGED;AT ENGAGED;0;0;-;-4.41;-2.75;0.28;3.45;-0.13;6.26;0;1;1;0
XX/03/22;06:00:19;FINAL APPROACH;AIR;AIR;AIR;5724;5724.00;1013.0;2404;2027;23.50;-15.872.886;-48.066.441;182;182;163;148.57;0.305;-837;1.04;-0.00;-0.04;106;88.24;21;-0.2;55193;15;2.11;4.0;-0.88;-0.1;6.33;0.00;32.1;30.8;73.8;73.9;549;554;0;0;7306.45;3661.11;3645.34;460.85;457.22;10720.;4;AP ENGAGED;AT ENGAGED;0;0;-;-4.41;-4.00;0.28;1.69;-0.13;6.24;0;1;1;0
XX/03/22;06:00:20;FINAL APPROACH;AIR;AIR;AIR;5712;5712.00;1013.0;2392;2014;23.50;-15.873.015;-48.065.624;181;181;163;148.57;0.303;-799;1.01;-0.00;-0.05;106;87.89;21;-0.2;55193;15;2.81;3.5;-0.92;-0.3;5.45;0.00;32.1;30.8;73.8;73.9;548;553;0;0;7306.71;3661.24;3645.47;457.22;453.59;10720.;4;AP ENGAGED;AT ENGAGED;0;0;-;-4.69;-4.00;3.69;1.69;-0.13;6.24;0;1;1;0
XX/03/22;06:00:21;FINAL APPROACH;AIR;AIR;AIR;5700;5700.00;1013.0;2380;2010;23.50;-15.873.145;-48.064.804;180;180;163;148.57;0.301;-773;0.97;-0.00;-0.05;107;87.89;21;-0.3;55193;15;1.76;3.2;-0.67;-0.3;5.10;0.00;32.1;30.6;73.8;73.9;548;552;0;0;7306.96;3661.36;3645.60;457.22;449.96;10720.;4;AP ENGAGED;AT ENGAGED;0;0;-;-4.69;-3.30;3.69;0.56;0.00;6.24;0;1;1;0
XX/03/22;06:00:22;FINAL APPROACH;AIR;AIR;AIR;5688;5688.00;1013.0;2368;1999;23.50;-15.873.276;-48.064.011;179;179;163;148.57;0.299;-755;0.98;0.01;-0.05;107;88.95;21;-0.7;55193;15;0.00;3.3;-0.38;0.0;5.63;0.00;32.0;30.6;73.8;73.9;548;552;0;0;7307.21;3661.49;3645.72;457.22;453.59;10720.;4;AP ENGAGED;AT ENGAGED;0;0;-;-4.00;-3.30;1.59;0.56;0.06;6.26;0;1;1;0
XX/03/22;06:00:23;FINAL APPROACH;AIR;AIR;AIR;5680;5680.00;1013.0;2360;1991;23.25;-15.873.408;-48.063.190;177;177;163;148.57;0.297;-704;1.03;0.01;-0.04;107;90.35;21;-0.8;55193;15;0.00;4.0;-0.55;0.4;6.51;0.00;32.0;30.5;73.8;73.9;548;552;0;0;7307.46;3661.62;3645.85;460.85;449.96;10720.;4;AP ENGAGED;AT ENGAGED;0;0;-;-4.00;-3.55;1.59;1.58;0.25;6.18;0;1;1;0
XX/03/22;06:00:24;FINAL APPROACH;AIR;AIR;AIR;5668;5668.00;1013.0;2348;1975;23.25;-15.873.540;-48.062.378;176;176;163;148.57;0.295;-670;1.02;0.00;-0.04;107;90.70;21;-0.6;55193;15;0.35;4.2;-0.38;0.2;6.33;0.00;32.0;30.5;73.8;73.9;548;551;0;0;7307.72;3661.75;3645.97;460.85;453.59;10720.;4;AP ENGAGED;AT ENGAGED;0;0;-;-3.30;-3.55;-0.33;1.58;0.06;6.00;0;1;1;0
XX/03/22;06:00:25;FINAL APPROACH;AIR;AIR;AIR;5660;5660.00;1013.0;2340;1968;23.25;-15.873.673;-48.061.584;174;175;163;148.57;0.292;-647;0.98;-0.00;-0.04;107;90.35;21;-0.3;55193;15;1.76;4.0;0.13;-0.1;5.98;0.00;32.0;30.5;73.8;73.9;548;551;0;0;7307.97;3661.87;3646.10;460.85;453.59;10720.;4;AP ENGAGED;AT ENGAGED;0;0;-;-3.30;-2.45;-0.33;-0.06;-0.06;5.94;0;1;1;0
XX/03/22;06:00:26;FINAL APPROACH;AIR;AIR;AIR;5652;5652.00;1013.0;2332;1952;23.25;-15.873.806;-48.060.493;173;174;163;148.57;0.291;-592;1.00;-0.01;-0.04;107;89.30;21;-0.1;55193;15;2.11;4.2;0.04;0.1;6.33;0.00;32.0;30.5;73.8;73.9;547;551;0;0;7308.23;3662.00;3646.22;457.22;453.59;10720.;4;AP ENGAGED;AT ENGAGED;0;0;-;-3.35;-2.45;1.53;-0.06;-0.13;5.94;0;1;1;0
XX/03/22;06:00:27;FINAL APPROACH;AIR;AIR;AIR;5640;5640.00;1013.0;2320;1944;23.25;-15.873.937;-48.059.761;171;172;163;148.57;0.288;-594;1.01;-0.00;-0.04;107;88.95;21;-0.2;55193;15;0.70;4.4;0.04;0.1;6.68;0.00;32.0;30.5;73.8;73.9;547;551;0;0;7308.48;3662.13;3646.35;460.85;453.59;10720.;4;AP ENGAGED;AT ENGAGED;0;0;-;-3.35;-2.30;1.53;-1.70;-0.06;5.91;0;1;1;0
XX/03/22;06:00:28;FINAL APPROACH;AIR;AIR;AIR;5632;5632.00;1013.0;2312;1944;23.25;-15.874.068;-48.059.063;170;171;163;148.57;0.286;-596;0.99;0.01;-0.03;107;89.65;21;-0.6;55193;15;-0.70;4.4;0.29;0.0;6.68;0.00;32.0;30.5;73.8;73.9;547;551;0;0;7308.73;3662.26;3646.48;460.85;453.59;10720.;4;AP ENGAGED;AT ENGAGED;0;0;-;-2.70;-2.30;4.76;-1.70;0.06;5.94;0;1;1;0
XX/03/22;06:00:29;FINAL APPROACH;AIR;AIR;AIR;5624;5624.00;1013.0;2304;1939;23.00;-15.874.199;-48.058.064;169;170;163;148.57;0.284;-558;1.00;0.01;-0.03;108;91.05;21;-0.9;55193;15;-2.46;4.6;0.50;0.1;7.03;0.00;32.0;30.5;73.8;73.9;547;551;0;0;7308.99;3662.39;3646.60;460.85;453.59;10720.;3;AP ENGAGED;AT ENGAGED;0;0;-;-2.70;-1.75;4.76;2.32;0.19;5.94;0;1;1;0
XX/03/22;06:00:30;FINAL APPROACH;AIR;AIR;AIR;5616;5616.00;1013.0;2296;1943;23.00;-15.874.330;-48.057.331;168;169;163;148.57;0.282;-532;1.00;0.01;-0.03;107;92.46;21;-1.1;55193;15;-3.16;4.7;0.50;0.1;7.39;0.00;32.0;30.5;73.8;73.9;547;551;0;0;7309.24;3662.51;3646.73;460.85;453.59;10720.;4;AP ENGAGED;AT ENGAGED;0;0;-;-2.65;-1.75;0.51;2.32;0.38;5.97;0;1;1;0
XX/03/22;06:00:31;FINAL APPROACH;AIR;AIR;AIR;5604;5604.00;1013.0;2284;1943;23.00;-15.874.460;-48.056.599;166;168;163;148.57;0.280;-555;1.01;0.00;-0.02;107;92.81;21;-0.6;55193;15;-1.05;4.9;0.46;0.1;7.56;0.00;32.5;31.9;74.1;75.3;558;572;0;0;7309.53;3662.65;3646.88;493.51;555.20;10720.;3;AP ENGAGED;AT ENGAGED;0;0;-;-2.65;-1.90;0.51;1.52;0.19;5.88;0;1;1;0
XX/03/22;06:00:32;FINAL APPROACH;AIR;AIR;AIR;5596;5596.00;1013.0;2276;1923;23.00;-15.874.587;-48.055.817;165;167;163;148.57;0.279;-570;0.99;-0.01;-0.02;107;91.41;21;-0.2;55193;15;-0.35;4.9;0.50;0.0;7.74;0.00;36.3;35.4;77.5;78.4;615;606;0;0;7309.89;3662.83;3647.06;656.80;645.92;10720.;4;AP ENGAGED;AT ENGAGED;0;0;-;-2.80;-1.90;-0.73;1.52;-0.19;6.09;0;1;1;0
XX/03/22;06:00:33;FINAL APPROACH;AIR;AIR;AIR;5588;5588.00;1013.0;2268;1905;23.00;-15.874.713;-48.054.989;164;166;163;148.57;0.277;-540;1.00;-0.00;-0.00;107;90.35;21;-0.1;55193;15;0.00;5.1;0.00;0.1;7.91;0.00;40.9;41.0;81.1;81.6;640;622;0;0;7310.33;3663.05;3647.27;787.44;765.66;10720.;4;AP ENGAGED;AT ENGAGED;0;0;-;-2.80;-3.05;-0.73;2.20;-0.32;6.26;0;1;1;0
XX/03/22;06:00:34;FINAL APPROACH;AIR;AIR;AIR;5584;5584.00;1013.0;2264;1905;23.00;-15.874.836;-48.054.165;164;165;163;148.57;0.276;-481;1.01;-0.00;0.03;107;89.30;21;-0.2;55193;15;0.70;5.3;-0.50;0.1;7.91;0.00;51.9;53.0;84.9;84.9;645;626;0;0;7310.90;3663.34;3647.56;1023.3;1026.9;10720.;4;AP ENGAGED;AT ENGAGED;0;0;-;-4.14;-3.05;1.42;2.20;-0.32;6.32;0;1;1;0
XX/03/22;06:00:35;FINAL APPROACH;AIR;AIR;AIR;5576;5576.00;1013.0;2256;1899;22.75;-15.874.958;-48.053.387;163;165;163;148.57;0.276;-441;1.01;-0.00;0.04;107;89.30;21;-0.4;55193;15;0.35;5.3;-0.71;0.0;7.91;0.00;60.9;64.1;86.1;86.9;615;612;0;0;7311.56;3663.66;3647.90;1153.9;1226.5;10720.;4;AP ENGAGED;AT ENGAGED;0;0;-;-4.14;-3.90;1.42;1.86;0.00;6.32;0;1;1;0
XX/03/22;06:00:36;FINAL APPROACH;AIR;AIR;AIR;5564;5564.00;1013.0;2244;1892;22.75;-15.875.080;-48.052.303;163;165;163;148.57;0.275;-493;0.99;-0.00;0.03;107;89.65;21;-0.4;55193;15;0.35;5.1;-0.96;-0.1;7.74;0.00;62.0;63.4;86.6;86.6;594;588;0;0;7312.24;3663.99;3648.25;1201.1;1244.6;10720.;4;AP ENGAGED;AT ENGAGED;0;0;-;-4.37;-3.90;0.62;1.86;0.13;6.32;0;1;1;0
XX/03/22;06:00:37;FINAL APPROACH;AIR;AIR;AIR;5556;5556.00;1013.0;2236;1877;22.75;-15.875.201;-48.051.559;163;165;163;148.54;0.275;-529;0.95;-0.00;0.02;107;89.65;21;-0.4;55175;15;0.35;4.7;-0.46;-0.2;7.39;0.00;60.8;59.4;86.5;85.9;579;567;0;0;7312.88;3664.32;3648.56;1182.9;1124.9;10720.;4;AP ENGAGED;AT ENGAGED;0;0;-;-4.37;-3.25;0.62;2.49;-0.06;6.29;0;1;1;0
XX/03/22;06:00:38;FINAL APPROACH;AIR;AIR;AIR;5548;5548.00;1013.0;2228;1877;22.75;-15.875.323;-48.050.865;162;164;163;148.54;0.274;-513;0.97;-0.00;0.02;107;89.65;21;-0.4;55175;15;1.05;4.7;-0.67;-0.0;7.56;0.00;59.4;57.6;86.4;85.5;568;558;0;0;7313.49;3664.63;3648.86;1135.8;1070.4;10720.;4;AP ENGAGED;AT ENGAGED;0;0;-;-4.23;-3.25;1.59;2.49;-0.06;6.32;0;1;1;0
XX/03/22;06:00:39;FINAL APPROACH;AIR;AIR;AIR;5540;5540.00;1013.0;2220;1881;22.75;-15.875.446;-48.050.175;162;164;163;148.54;0.274;-502;0.99;-0.00;0.02;107;89.30;21;-0.2;55175;15;1.76;4.9;-0.46;0.1;7.74;0.00;58.5;58.4;86.1;86.0;562;560;0;0;7314.10;3664.94;3649.16;1103.1;1092.2;10720.;4;AP ENGAGED;AT ENGAGED;0;0;-;-4.23;-3.25;1.59;0.39;-0.13;6.35;0;1;1;0
XX/03/22;06:00:40;FINAL APPROACH;AIR;AIR;AIR;5532;5532.00;1013.0;2212;1882;22.75;-15.875.568;-48.049.423;161;164;163;148.54;0.273;-495;0.98;-0.00;0.03;107;89.30;21;-0.3;55175;15;0.70;4.9;-0.42;0.0;7.91;0.00;58.0;58.9;86.0;86.1;559;559;0;0;7314.70;3665.24;3649.46;1077.7;1084.9;10720.;4;AP ENGAGED;AT ENGAGED;0;0;-;-3.95;-3.25;1.59;0.39;-0.06;6.18;0;1;1;0
XX/03/22;06:00:41;FINAL APPROACH;AIR;AIR;AIR;5520;5520.00;1013.0;2200;1877;22.75;-15.875.691;-48.048.679;161;163;163;148.54;0.272;-529;0.99;0.00;0.03;108;89.65;21;-0.4;55175;15;0.00;4.7;-0.25;-0.1;7.74;0.00;57.8;58.9;86.0;86.3;557;557;0;0;7315.30;3665.53;3649.76;1063.2;1084.9;10600.;4;AP ENGAGED;AT ENGAGED;0;0;-;-3.95;-2.45;1.59;2.26;0.06;6.03;0;1;1;0
XX/03/22;06:00:42;FINAL APPROACH;AIR;AIR;AIR;5508;5508.00;1013.0;2188;1868;23.00;-15.875.816;-48.047.905;161;163;163;148.54;0.272;-592;0.97;0.00;0.03;108;90.00;21;-0.4;55175;15;0.00;4.6;0.13;-0.1;7.74;0.00;57.6;58.9;86.0;86.3;556;555;0;0;7315.89;3665.83;3650.06;1055.9;1081.3;10600.;3;AP ENGAGED;AT ENGAGED;0;0;-;-3.45;-2.45;4.20;2.26;0.13;6.00;0;1;1;0
XX/03/22;06:00:43;FINAL APPROACH;AIR;AIR;AIR;5500;5500.00;1013.0;2180;1864;23.00;-15.875.941;-48.047.134;160;163;163;148.54;0.271;-595;1.00;-0.00;0.03;108;90.00;21;-0.4;55175;15;0.00;4.7;-0.21;0.1;7.91;0.00;57.9;58.9;86.1;86.3;557;554;0;0;7316.49;3666.12;3650.36;1063.2;1077.7;10600.;4;AP ENGAGED;AT ENGAGED;0;0;-;-3.45;-2.70;4.20;-0.06;0.06;5.97;0;1;1;0
XX/03/22;06:00:44;FINAL APPROACH;AIR;AIR;AIR;5488;5488.00;1013.0;2168;1856;23.00;-15.876.064;-48.046.379;160;163;163;148.54;0.271;-597;0.97;0.00;0.03;107;90.35;21;-0.5;55175;15;-2.11;4.6;0.25;-0.1;7.91;0.00;58.1;58.8;86.3;86.3;558;553;0;0;7317.08;3666.42;3650.66;1070.4;1074.1;10600.;4;AP ENGAGED;AT ENGAGED;0;0;-;-3.05;-2.70;0.62;-0.06;-0.13;5.97;0;1;1;0
XX/03/22;06:00:45;FINAL APPROACH;AIR;AIR;AIR;5476;5476.00;1013.0;2156;1844;23.00;-15.876.188;-48.045.689;160;163;163;148.54;0.271;-637;0.98;0.01;0.03;107;91.05;21;-0.8;55175;15;-2.81;4.6;0.00;-0.0;8.09;0.00;58.3;58.8;86.4;86.3;558;552;0;0;7317.68;3666.72;3650.96;1074.1;1070.4;10600.;4;AP ENGAGED;AT ENGAGED;0;0;-;-3.05;-2.35;0.62;2.77;0.13;6.00;0;1;1;0
XX/03/22;06:00:46;FINAL APPROACH;AIR;AIR;AIR;5464;5464.00;1013.0;2144;1833;23.00;-15.876.311;-48.044.998;160;162;163;148.54;0.270;-665;1.00;0.00;0.03;107;91.41;21;-0.6;55175;15;-1.76;4.7;0.25;0.1;8.09;0.00;58.3;58.6;86.4;86.3;556;551;0;0;7318.27;3667.02;3651.25;1070.4;1066.8;10600.;4;AP ENGAGED;AT ENGAGED;0;0;-;-3.10;-2.35;-0.79;2.77;0.13;6.03;0;1;1;0
XX/03/22;06:00:47;FINAL APPROACH;AIR;AIR;AIR;5456;5456.00;1013.0;2136;1819;23.00;-15.876.431;-48.043.999;160;162;163;148.54;0.270;-643;1.00;-0.01;0.03;107;90.70;21;-0.2;55175;15;-0.70;4.7;-0.09;0.0;8.44;0.00;58.3;58.5;86.4;86.3;556;551;0;0;7318.86;3667.31;3651.55;1070.4;1063.2;10600.;3;AP ENGAGED;AT ENGAGED;0;0;-;-3.10;-2.65;-0.79;1.64;-0.06;6.00;0;1;1;0
XX/03/22;06:00:48;FINAL APPROACH;AIR;AIR;AIR;5444;5444.00;1013.0;2124;1807;23.00;-15.876.551;-48.043.331;159;162;163;148.54;0.270;-629;1.00;-0.01;0.03;107;89.30;21;0.0;55175;15;0.35;4.7;0.08;0.0;8.27;0.00;58.4;58.5;86.4;86.1;556;550;0;0;7319.46;3667.61;3651.84;1070.4;1063.2;10600.;3;AP ENGAGED;AT ENGAGED;0;0;-;-3.10;-2.65;0.91;1.64;-0.19;6.03;0;1;1;0
XX/03/22;06:00:49;FINAL APPROACH;AIR;AIR;AIR;5432;5432.00;1013.0;2112;1801;23.00;-15.876.669;-48.042.641;159;162;163;148.54;0.270;-659;0.98;-0.00;0.03;107;88.24;21;0.0;55175;15;-0.35;4.6;0.04;-0.1;8.09;0.00;58.3;58.5;86.4;86.1;555;550;0;0;7320.05;3667.91;3652.14;1066.8;1059.5;10600.;4;AP ENGAGED;AT ENGAGED;0;0;-;-3.10;-2.65;0.91;1.35;-0.25;6.00;0;1;1;0
XX/03/22;06:00:50;FINAL APPROACH;AIR;AIR;AIR;5420;5420.00;1013.0;2100;1787;23.00;-15.876.787;-48.041.946;159;162;163;148.54;0.269;-679;0.98;-0.00;0.03;107;88.59;21;-0.4;55175;15;-1.05;4.6;0.17;-0.0;8.09;0.00;58.3;58.5;86.4;86.3;555;550;0;0;7320.64;3668.20;3652.43;1066.8;1063.2;10600.;4;AP ENGAGED;AT ENGAGED;0;0;-;-3.00;-2.65;-0.28;1.35;-0.13;6.00;0;1;1;0
XX/03/22;06:00:51;FINAL APPROACH;AIR;AIR;AIR;5408;5408.00;1013.0;2088;1755;23.00;-15.876.903;-48.041.199;159;162;163;148.54;0.269;-693;0.98;0.00;0.03;107;88.95;21;-0.5;55175;15;-1.05;4.6;0.13;-0.0;8.09;0.00;58.3;58.4;86.5;86.1;555;549;0;0;7321.23;3668.50;3652.73;1070.4;1059.5;10600.;4;AP ENGAGED;AT ENGAGED;0;0;-;-3.00;-2.60;-0.28;2.09;0.00;6.00;0;1;1;0
XX/03/22;06:00:52;FINAL APPROACH;AIR;AIR;AIR;5392;5392.00;1013.0;2072;1720;23.00;-15.877.020;-48.040.447;159;162;163;148.54;0.269;-741;1.00;-0.00;0.03;107;89.30;21;-0.4;55175;15;0.35;4.6;0.17;-0.0;8.27;0.00;58.3;58.5;86.5;86.1;555;549;0;0;7321.82;3668.80;3653.02;1063.2;1059.5;10600.;4;AP ENGAGED;AT ENGAGED;0;0;-;-3.05;-2.60;3.57;2.09;0.06;6.00;0;1;1;0
XX/03/22;06:00:53;FINAL APPROACH;AIR;AIR;AIR;5380;5380.00;1013.0;2060;1716;23.25;-15.877.137;-48.039.673;159;162;163;148.54;0.269;-774;1.00;-0.00;0.03;107;88.95;21;-0.3;55175;15;0.70;4.4;-0.13;-0.1;8.27;0.00;58.3;58.1;86.5;86.0;555;547;0;0;7322.41;3669.09;3653.31;1063.2;1048.7;10600.;4;AP ENGAGED;AT ENGAGED;0;0;-;-3.05;-2.85;3.57;0.11;0.00;6.03;0;1;1;0
XX/03/22;06:00:54;FINAL APPROACH;AIR;AIR;AIR;5368;5368.00;1013.0;2048;1714;23.25;-15.877.254;-48.038.593;159;162;163;148.54;0.269;-756;0.97;0.00;0.03;107;89.30;21;-0.5;55175;15;-1.41;4.2;0.13;-0.1;8.09;0.00;58.3;57.9;86.5;85.9;555;546;0;0;7322.99;3669.39;3653.60;1066.8;1041.4;10600.;4;AP ENGAGED;AT ENGAGED;0;0;-;-3.10;-2.85;-0.90;0.11;-0.06;5.97;0;1;1;0
XX/03/22;06:00:55;FINAL APPROACH;AIR;AIR;AIR;5352;5352.00;1013.0;2032;1705;23.25;-15.877.370;-48.037.842;158;162;163;148.54;0.269;-784;0.96;0.01;0.03;107;90.00;21;-0.7;55175;15;-1.41;4.0;0.13;-0.1;8.09;0.00;58.3;57.8;86.5;85.9;555;545;0;0;7323.57;3669.68;3653.89;1063.2;1030.5;10600.;4;AP ENGAGED;AT ENGAGED;0;0;-;-3.10;-2.30;-0.90;0.22;-0.06;6.00;0;1;1;0
XX/03/22;06:00:56;FINAL APPROACH;AIR;AIR;AIR;5340;5340.00;1013.0;2020;1686;23.25;-15.877.487;-48.037.151;158;162;163;148.54;0.269;-802;0.98;-0.00;0.03;107;90.35;21;-0.4;55175;15;0.35;4.0;0.13;-0.0;8.27;0.00;58.1;57.4;86.5;85.8;555;544;0;0;7324.15;3669.98;3654.17;1063.2;1019.6;10600.;4;AP ENGAGED;AT ENGAGED;0;0;-;-3.15;-2.30;1.36;0.22;0.06;6.00;0;1;1;0
XX/03/22;06:00:57;FINAL APPROACH;AIR;AIR;AIR;5324;5324.00;1013.0;2004;1654;23.25;-15.877.604;-48.036.457;158;162;163;148.54;0.269;-815;0.99;-0.00;0.03;107;89.65;21;-0.3;55175;15;0.35;4.2;0.17;0.1;8.27;0.00;57.9;57.1;86.3;85.6;553;543;0;0;7324.73;3670.27;3654.45;1055.9;1012.4;10600.;4;AP ENGAGED;AT ENGAGED;0;0;-;-3.15;-2.25;1.36;1.64;0.00;6.03;0;1;1;0
XX/03/22;06:00:58;FINAL APPROACH;AIR;AIR;AIR;5312;5312.00;1013.0;1992;1645;23.25;-15.877.719;-48.035.706;158;162;163;148.54;0.269;-823;0.98;-0.00;0.03;107;89.65;21;-0.4;55175;15;-0.35;4.0;0.17;-0.1;8.27;-0.02;57.3;56.9;86.0;85.5;549;542;0;0;7325.29;3670.56;3654.73;1030.5;1001.5;10600.;3;AP ENGAGED;AT ENGAGED;0;0;-;-3.25;-2.25;1.13;1.64;0.00;5.97;0;1;1;0
XX/03/22;06:00:59;FINAL APPROACH;AIR;AIR;AIR;5296;5296.00;1013.0;1976;1618;23.25;-15.877.836;-48.034.954;158;162;163;148.54;0.269;-829;0.98;-0.00;0.03;107;89.65;21;-0.4;55175;15;-0.35;3.9;0.04;-0.1;8.27;-0.01;56.3;55.9;85.8;85.1;547;537;0;0;7325.84;3670.84;3655.00;1005.1;976.13;10600.;4;AP ENGAGED;AT ENGAGED;0;0;-;-3.25;-2.50;1.13;2.43;0.00;6.09;0;1;1;0
XX/03/22;06:01:00;FINAL APPROACH;AIR;AIR;AIR;5280;5280.00;1013.0;1960;1590;23.50;-15.877.951;-48.034.184;158;161;163;148.54;0.268;-872;0.99;-0.00;0.02;107;89.65;21;-0.4;55175;15;-0.35;3.9;-0.13;-0.0;8.09;-0.01;55.5;54.8;85.6;84.8;544;534;0;0;7326.38;3671.11;3655.27;983.39;947.10;10600.;4;AP ENGAGED;AT ENGAGED;0;0;-;-3.80;-2.50;-0.11;2.43;0.00;6.26;0;1;1;0
XX/03/22;06:01:01;FINAL APPROACH;AIR;AIR;AIR;5264;5264.00;1013.0;1944;1582;23.50;-15.878.068;-48.033.409;158;161;163;138.34;0.268;-901;1.05;0.00;0.01;107;89.65;21;-0.4;55175;25;0.70;3.7;-0.88;-0.1;7.56;-0.01;54.8;54.0;85.4;84.6;542;533;0;0;7326.90;3671.38;3655.52;954.36;918.07;10600.;3;AP ENGAGED;AT ENGAGED;0;0;-;-3.80;-4.30;-0.11;0.33;-0.13;6.29;0;1;1;0
XX/03/22;06:01:02;FINAL APPROACH;AIR;AIR;AIR;5248;5248.00;1013.0;1928;1550;23.50;-15.878.183;-48.032.658;157;161;163;138.34;0.267;-921;1.04;-0.00;-0.02;107;89.30;21;-0.2;55175;25;0.70;3.0;-1.13;-0.4;5.80;-0.01;53.9;53.6;85.1;84.6;540;532;0;0;7327.41;3671.64;3655.78;932.59;910.81;10600.;4;AP ENGAGED;AT ENGAGED;0;0;-;-5.10;-4.30;0.40;0.33;-0.06;6.24;0;1;1;0
XX/03/22;06:01:03;FINAL APPROACH;AIR;AIR;AIR;5236;5236.00;1013.0;1916;1541;23.50;-15.877.994;-48.031.967;157;160;163;138.34;0.265;-894;1.00;-0.00;-0.04;107;88.95;21;-0.4;55175;25;0.00;1.6;-1.30;-0.9;4.04;-0.01;53.5;53.6;85.0;84.5;539;532;0;0;7327.92;3671.89;3656.03;918.07;907.19;10600.;4;AP ENGAGED;AT ENGAGED;0;0;-;-5.10;-4.62;0.40;2.09;-0.13;6.24;0;1;1;0
XX/03/22;06:01:04;FINAL APPROACH;AIR;AIR;AIR;5224;5224.00;1013.0;1904;1521;23.50;-15.877.803;-48.031.277;156;159;163;138.34;0.264;-837;0.96;-0.00;-0.06;107;89.30;21;-0.4;55175;25;0.00;0.7;-1.42;-0.7;3.17;-0.01;53.4;54.5;85.0;85.0;540;538;0;0;7328.43;3672.14;3656.29;910.81;947.10;10600.;4;AP ENGAGED;AT ENGAGED;0;0;-;-5.29;-4.62;1.19;2.09;0.06;6.24;0;1;1;0
XX/03/22;06:01:05;FINAL APPROACH;AIR;AIR;AIR;5208;5208.00;1013.0;1888;1503;23.50;-15.877.615;-48.030.281;156;159;148;133.27;0.263;-838;0.95;-0.00;-0.05;107;89.65;20;-0.5;55175;30;0.35;0.4;-1.26;-0.4;2.99;-0.01;54.8;56.0;85.8;85.8;549;544;0;0;7328.98;3672.41;3656.56;961.62;987.02;10600.;4;AP ENGAGED;AT ENGAGED;0;0;-;-5.29;-4.53;1.19;-0.11;-0.06;6.26;0;1;1;0
XX/03/22;06:01:06;FINAL APPROACH;AIR;AIR;AIR;5196;5196.00;1013.0;1876;1490;23.50;-15.877.429;-48.029.610;155;159;148;133.27;0.263;-838;0.97;0.00;-0.05;107;90.35;20;-0.5;55175;30;0.35;0.5;-1.26;0.0;3.34;-0.01;56.9;57.8;86.1;86.1;553;546;0;0;7329.54;3672.69;3656.85;1005.1;1023.3;10600.;4;AP ENGAGED;AT ENGAGED;0;0;-;-5.01;-4.53;2.04;-0.11;0.00;6.06;0;1;1;0
XX/03/22;06:01:07;FINAL APPROACH;AIR;AIR;AIR;5180;5180.00;1013.0;1860;1465;23.50;-15.875.940;-48.028.915;155;158;148;133.27;0.262;-839;0.99;-0.00;-0.05;107;90.70;20;-0.6;55175;30;0.00;0.5;-0.96;0.0;3.52;-0.05;57.6;57.1;86.4;85.6;553;540;0;0;7330.11;3672.98;3657.13;1034.1;1016.0;10600.;4;AP ENGAGED;AT ENGAGED;0;0;-;-5.01;-3.80;2.04;-3.01;0.06;5.88;0;1;1;0
XX/03/22;06:01:08;FINAL APPROACH;AIR;AIR;AIR;5164;5164.00;1013.0;1844;1442;23.50;-15.874.451;-48.028.233;155;158;148;133.27;0.261;-879;0.98;0.00;-0.06;107;91.05;20;-0.7;55175;30;-0.70;0.5;-0.50;0.0;3.52;-0.03;56.5;53.8;85.9;84.4;543;525;0;0;7330.63;3673.25;3657.38;990.65;896.30;10600.;4;AP ENGAGED;AT ENGAGED;0;0;-;-3.80;-3.80;1.98;-3.01;0.13;5.71;0;1;1;0
XX/03/22;06:01:09;FINAL APPROACH;AIR;AIR;AIR;5148;5148.00;1013.0;1828;1428;23.50;-15.872.963;-48.027.477;154;157;148;133.27;0.261;-906;0.97;0.01;-0.06;107;92.11;20;-1.1;55175;30;-3.16;0.5;0.04;0.0;3.52;-0.03;52.5;48.9;84.6;83.3;526;514;0;0;7331.10;3673.50;3657.60;889.04;794.69;10600.;4;AP ENGAGED;AT ENGAGED;0;0;-;-3.80;-2.45;1.98;1.47;0.06;5.68;0;1;1;0
XX/03/22;06:01:10;FINAL APPROACH;AIR;AIR;AIR;5132;5132.00;1013.0;1812;1417;23.50;-15.871.475;-48.026.718;153;157;148;133.27;0.260;-924;0.98;0.01;-0.07;107;93.16;20;-1.1;55175;30;-2.81;0.7;0.17;0.1;3.87;-0.04;47.9;45.3;83.5;82.0;519;509;0;0;7331.52;3673.72;3657.80;791.07;707.60;10600.;4;AP ENGAGED;AT ENGAGED;0;0;-;-3.15;-2.45;3.23;1.47;0.25;5.65;0;1;1;0
XX/03/22;06:01:11;FINAL APPROACH;AIR;AIR;AIR;5116;5116.00;1013.0;1796;1394;23.50;-15.869.985;-48.025.955;153;156;148;133.27;0.259;-936;1.01;0.00;-0.07;107;93.52;20;-0.9;55175;30;-1.76;0.9;0.25;0.1;4.04;-0.03;45.1;43.8;82.6;81.8;516;515;0;0;7331.90;3673.92;3657.99;714.86;678.58;10600.;4;AP ENGAGED;AT ENGAGED;0;0;-;-3.15;-2.15;3.23;0.96;0.13;5.65;0;1;1;0
XX/03/22;06:01:12;FINAL APPROACH;AIR;AIR;AIR;5100;5100.00;1013.0;1780;1371;23.50;-15.870.101;-48.025.188;152;155;148;133.27;0.257;-944;1.00;-0.00;-0.06;106;93.16;20;-0.7;55175;30;-2.11;1.1;0.33;0.1;4.40;-0.02;43.4;42.9;82.0;81.5;519;518;0;0;7332.27;3674.10;3658.17;671.32;660.43;10600.;4;AP ENGAGED;AT ENGAGED;0;0;-;-2.90;-2.15;0.01;0.96;-0.06;5.65;0;1;1;0
XX/03/22;06:01:13;FINAL APPROACH;AIR;AIR;AIR;5084;5084.00;1013.0;1764;1365;23.50;-15.870.215;-48.024.429;151;155;147;133.27;0.256;-949;1.00;-0.00;-0.06;106;92.46;20;-0.5;55175;30;-1.76;1.2;0.38;0.1;4.40;-0.02;42.3;42.9;81.8;81.5;529;520;0;0;7332.64;3674.29;3658.35;664.06;660.43;10600.;4;AP ENGAGED;AT ENGAGED;0;0;-;-2.90;-1.95;0.01;2.09;-0.13;5.65;0;1;1;0
XX/03/22;06:01:14;FINAL APPROACH;AIR;AIR;AIR;5068;5068.00;1013.0;1748;1362;23.50;-15.870.327;-48.023.743;150;154;147;133.27;0.255;-953;1.00;-0.00;-0.06;106;91.76;20;-0.4;55175;30;-0.70;1.2;0.33;0.0;4.57;0.01;42.0;42.9;81.8;81.5;534;522;0;0;7333.01;3674.47;3658.54;664.06;660.43;10600.;4;AP ENGAGED;AT ENGAGED;0;0;-;-3.10;-1.95;-0.79;2.09;-0.19;5.79;0;1;1;0
XX/03/22;06:01:15;FINAL APPROACH;AIR;AIR;AIR;5056;5056.00;1013.0;1736;1344;23.50;-15.870.435;-48.023.056;149;153;147;133.27;0.254;-915;0.98;-0.00;-0.06;106;90.70;20;-0.4;55175;30;0.00;1.2;0.17;0.0;4.75;-0.01;42.0;43.9;81.9;82.3;539;532;0;0;7333.39;3674.66;3658.73;667.69;711.23;10600.;4;AP ENGAGED;AT ENGAGED;0;0;-;-3.10;-2.55;-0.79;1.07;-0.25;5.97;0;1;1;0
XX/03/22;06:01:16;FINAL APPROACH;AIR;AIR;AIR;5040;5040.00;1013.0;1720;1333;23.50;-15.870.542;-48.022.373;149;153;147;133.27;0.253;-891;1.01;-0.00;-0.05;106;89.65;20;-0.2;55175;30;1.41;1.4;-0.34;0.1;4.92;0.01;44.0;48.8;82.9;83.9;560;552;0;0;7333.83;3674.87;3658.97;747.52;841.87;10600.;4;AP ENGAGED;AT ENGAGED;0;0;-;-4.00;-2.55;0.28;1.07;-0.19;6.15;0;1;1;0
XX/03/22;06:01:17;FINAL APPROACH;AIR;AIR;AIR;5024;5024.00;1013.0;1704;1317;23.50;-15.870.648;-48.021.690;148;153;147;133.27;0.253;-913;1.01;-0.00;-0.04;106;88.95;20;-0.2;55175;30;1.05;1.6;-0.38;0.1;5.10;0.01;49.5;52.5;84.4;84.5;563;544;0;0;7334.31;3675.10;3659.21;830.98;878.16;10600.;4;AP ENGAGED;AT ENGAGED;0;0;-;-4.00;-3.35;0.28;0.39;-0.19;6.15;0;1;1;0
XX/03/22;06:01:18;FINAL APPROACH;AIR;AIR;AIR;5008;5008.00;1013.0;1688;1295;23.50;-15.870.754;-48.021.008;148;152;147;133.27;0.252;-929;1.01;-0.00;-0.04;106;88.59;20;-0.3;55175;30;0.70;1.6;-0.46;0.0;5.10;0.01;51.8;53.6;84.5;84.6;554;538;0;0;7334.80;3675.34;3659.46;874.53;907.19;10600.;4;AP ENGAGED;AT ENGAGED;0;0;-;-4.09;-3.35;2.44;0.39;-0.06;6.18;0;1;1;0
XX/03/22;06:01:19;FINAL APPROACH;AIR;AIR;AIR;4996;4996.00;1013.0;1676;1280;23.50;-15.870.861;-48.020.321;147;152;147;133.27;0.251;-900;1.00;0.00;-0.04;107;88.95;20;-0.5;55175;30;0.00;1.6;-0.46;0.0;5.10;-0.01;53.0;54.0;84.9;84.9;553;536;0;0;7335.31;3675.59;3659.72;914.44;925.33;10600.;4;AP ENGAGED;AT ENGAGED;0;0;-;-4.09;-3.35;2.44;-0.68;0.00;6.18;0;1;1;0
XX/03/22;06:01:20;FINAL APPROACH;AIR;AIR;AIR;4980;4980.00;1013.0;1660;1265;23.50;-15.870.966;-48.019.638;147;152;147;133.27;0.251;-880;0.99;0.01;-0.04;107;89.65;20;-0.7;55175;30;-0.35;1.6;-0.46;0.0;5.10;-0.01;53.1;53.5;85.0;84.6;549;530;0;0;7335.82;3675.85;3659.97;925.33;907.19;10600.;3;AP ENGAGED;AT ENGAGED;0;0;-;-4.00;-3.35;2.38;-0.68;0.06;6.18;0;1;1;0
XX/03/22;06:01:21;FINAL APPROACH;AIR;AIR;AIR;4964;4964.00;1013.0;1644;1258;23.50;-15.871.074;-48.018.955;146;151;147;133.27;0.250;-906;0.98;0.01;-0.03;107;90.35;20;-0.7;55175;30;-1.05;1.6;-0.25;0.0;5.10;-0.01;53.3;53.0;85.1;84.5;548;528;0;0;7336.33;3676.11;3660.22;928.96;889.04;10600.;4;AP ENGAGED;AT ENGAGED;0;0;-;-4.00;-3.05;2.38;0.28;0.06;6.18;0;1;1;0
XX/03/22;06:01:22;FINAL APPROACH;AIR;AIR;AIR;4948;4948.00;1013.0;1628;1240;23.75;-15.871.181;-48.018.269;146;151;147;133.27;0.249;-924;0.99;0.01;-0.03;107;90.70;20;-0.7;55175;30;-1.05;1.8;-0.34;0.1;5.45;0.01;54.9;54.5;85.8;85.3;557;537;0;0;7336.87;3676.38;3660.48;990.65;947.10;10600.;3;AP ENGAGED;AT ENGAGED;0;0;-;-4.00;-3.05;1.53;0.28;0.06;6.18;0;1;1;0
XX/03/22;06:01:23;FINAL APPROACH;AIR;AIR;AIR;4936;4936.00;1013.0;1616;1235;23.75;-15.871.288;-48.017.586;146;151;147;133.27;0.249;-896;1.01;0.00;-0.03;107;90.70;20;-0.6;55175;30;-0.70;1.9;-0.42;0.1;5.63;0.02;56.3;54.9;85.9;85.3;556;534;0;0;7337.41;3676.67;3660.75;1016.0;950.73;10600.;4;AP ENGAGED;AT ENGAGED;0;0;-;-4.00;-3.25;1.53;1.58;0.06;6.18;0;1;1;0
XX/03/22;06:01:24;FINAL APPROACH;AIR;AIR;AIR;4920;4920.00;1013.0;1600;1213;23.75;-15.871.395;-48.016.899;145;150;147;133.27;0.248;-878;1.00;-0.00;-0.03;106;90.70;20;-0.5;55175;30;0.00;1.9;-0.38;0.0;5.45;0.02;56.3;55.3;85.9;85.4;555;536;0;0;7337.97;3676.95;3661.02;1019.6;968.87;10600.;4;AP ENGAGED;AT ENGAGED;0;0;-;-4.00;-3.25;1.36;1.58;-0.06;6.18;0;1;1;0
XX/03/22;06:01:25;FINAL APPROACH;AIR;AIR;AIR;4908;4908.00;1013.0;1588;1204;23.75;-15.871.501;-48.016.212;145;150;147;133.27;0.248;-865;0.99;-0.00;-0.03;106;90.00;20;-0.4;55175;30;0.35;1.9;-0.42;0.0;5.63;0.01;56.3;55.3;85.9;85.4;556;535;0;0;7338.52;3677.24;3661.28;1026.9;965.25;10600.;3;AP ENGAGED;AT ENGAGED;0;0;-;-4.00;-3.10;1.36;0.00;-0.13;6.21;0;1;1;0
XX/03/22;06:01:26;FINAL APPROACH;AIR;AIR;AIR;4892;4892.00;1013.0;1572;1197;23.75;-15.871.607;-48.015.530;145;150;147;133.27;0.247;-857;0.99;-0.00;-0.01;107;89.65;20;-0.4;55175;30;0.35;1.9;-0.29;0.0;5.63;0.01;56.9;58.9;86.3;86.8;562;557;0;0;7339.13;3677.53;3661.60;1059.5;1128.5;10600.;4;AP ENGAGED;AT ENGAGED;0;0;-;-3.95;-3.10;1.93;0.00;-0.19;6.21;0;1;1;0
XX/03/22;06:01:27;FINAL APPROACH;AIR;AIR;AIR;4880;4880.00;1013.0;1560;1185;23.75;-15.871.712;-48.014.847;145;150;147;133.27;0.247;-851;1.01;0.00;-0.01;107;89.65;20;-0.4;55175;30;-0.70;2.1;-0.55;0.1;5.80;0.02;61.0;62.1;87.0;87.1;574;558;0;0;7339.77;3677.85;3661.92;1143.0;1168.4;10600.;4;AP ENGAGED;AT ENGAGED;0;0;-;-3.95;-3.50;1.93;1.52;0.00;6.18;0;1;1;0
XX/03/22;06:01:28;FINAL APPROACH;AIR;AIR;AIR;4868;4868.00;1013.0;1548;1177;23.75;-15.871.817;-48.014.160;145;150;147;133.27;0.247;-808;1.01;0.01;-0.00;107;90.00;20;-0.6;55175;30;-0.70;2.3;-0.59;0.1;5.80;0.04;61.6;62.9;87.3;87.3;573;561;0;0;7340.44;3678.18;3662.26;1190.2;1215.6;10600.;4;AP ENGAGED;AT ENGAGED;0;0;-;-4.23;-3.50;0.23;1.52;0.00;6.18;0;1;1;0
XX/03/22;06:01:29;FINAL APPROACH;AIR;AIR;AIR;4852;4852.00;1013.0;1532;1169;23.75;-15.871.922;-48.013.474;145;149;147;133.27;0.246;-819;1.01;-0.00;-0.01;107;90.00;20;-0.5;55175;30;0.00;2.3;-0.59;0.0;5.80;0.04;61.6;62.4;87.3;87.3;572;561;0;0;7341.11;3678.51;3662.60;1201.1;1212.0;10600.;4;AP ENGAGED;AT ENGAGED;0;0;-;-4.23;-3.55;0.23;1.75;0.00;6.18;0;1;1;0
XX/03/22;06:01:30;FINAL APPROACH;AIR;AIR;AIR;4840;4840.00;1013.0;1520;1156;23.75;-15.872.029;-48.012.787;145;150;147;133.27;0.247;-826;1.00;-0.00;-0.00;107;89.30;20;-0.2;55175;30;0.70;2.3;-0.59;0.0;5.80;0.03;61.5;63.1;87.4;87.6;573;566;0;0;7341.79;3678.85;3662.94;1201.1;1244.6;10600.;4;AP ENGAGED;AT ENGAGED;0;0;-;-4.18;-3.55;1.87;1.75;0.00;6.18;0;1;1;0
XX/03/22;06:01:31;FINAL APPROACH;AIR;AIR;AIR;4828;4828.00;1013.0;1508;1160;23.75;-15.872.135;-48.012.100;145;149;147;133.27;0.246;-791;1.00;-0.01;-0.00;107;88.59;20;-0.1;55175;30;0.70;2.3;-0.59;0.0;5.80;0.04;62.9;63.6;87.9;87.9;578;569;0;0;7342.48;3679.19;3663.29;1241.0;1266.4;10600.;4;AP ENGAGED;AT ENGAGED;0;0;-;-4.18;-3.50;1.87;1.24;-0.19;6.18;0;1;1;0
XX/03/22;06:01:32;FINAL APPROACH;AIR;AIR;AIR;4816;4816.00;1013.0;1496;1152;24.00;-15.872.242;-48.011.417;145;149;147;133.27;0.246;-767;0.99;-0.00;-0.00;107;88.24;20;-0.3;55175;30;0.00;2.3;-0.59;0.0;5.80;0.04;63.1;63.4;87.9;87.6;578;567;0;0;7343.18;3679.54;3663.64;1255.5;1255.5;10600.;4;AP ENGAGED;AT ENGAGED;0;0;-;-4.28;-3.50;1.13;1.24;-0.13;6.18;0;1;1;0
XX/03/22;06:01:33;FINAL APPROACH;AIR;AIR;AIR;4804;4804.00;1013.0;1484;1147;24.00;-15.872.347;-48.010.727;145;149;147;133.27;0.246;-752;1.00;0.00;-0.00;107;88.59;20;-0.4;55175;30;0.00;2.5;-0.55;0.1;5.80;0.03;63.0;62.6;87.9;87.4;578;565;0;0;7343.87;3679.89;3663.99;1259.1;1233.7;10600.;3;AP ENGAGED;AT ENGAGED;0;0;-;-4.28;-3.50;1.13;0.33;0.00;6.21;0;1;1;0
XX/03/22;06:01:34;FINAL APPROACH;AIR;AIR;AIR;4792;4792.00;1013.0;1472;1146;24.00;-15.872.454;-48.010.040;144;149;147;133.27;0.246;-741;1.00;0.00;-0.00;107;88.95;20;-0.5;55175;30;0.00;2.5;-0.55;0.0;5.80;0.04;62.8;62.4;87.9;87.4;578;566;0;0;7344.56;3680.24;3664.33;1251.9;1226.5;10600.;4;AP ENGAGED;AT ENGAGED;0;0;-;-4.23;-3.50;1.93;0.33;0.00;6.21;0;1;1;0
XX/03/22;06:01:35;FINAL APPROACH;AIR;AIR;AIR;4780;4780.00;1013.0;1460;1144;24.00;-15.872.561;-48.009.354;144;149;147;133.27;0.245;-734;1.00;0.00;-0.00;107;89.30;20;-0.5;55175;30;0.00;2.5;-0.55;0.0;5.80;0.02;62.4;61.9;87.8;87.1;577;564;0;0;7345.24;3680.58;3664.66;1241.0;1204.7;10600.;3;AP ENGAGED;AT ENGAGED;0;0;-;-4.23;-3.40;1.93;-0.62;0.00;6.21;0;1;1;0
XX/03/22;06:01:36;FINAL APPROACH;AIR;AIR;AIR;4768;4768.00;1013.0;1448;1154;24.00;-15.872.669;-48.008.675;144;149;147;133.27;0.245;-730;0.99;-0.00;-0.01;107;89.65;19;-0.4;55175;30;0.00;2.5;-0.50;0.0;5.98;0.03;62.3;61.6;87.8;87.0;576;564;0;0;7345.92;3680.92;3664.99;1230.1;1193.8;10600.;4;AP ENGAGED;AT ENGAGED;0;0;-;-4.18;-3.40;1.87;-0.62;0.00;6.18;0;1;1;0
XX/03/22;06:01:37;FINAL APPROACH;AIR;AIR;AIR;4756;4756.00;1013.0;1436;1164;24.00;-15.872.776;-48.007.980;144;148;147;133.27;0.244;-726;0.99;0.00;-0.01;107;90.00;19;-0.5;55175;30;-0.70;2.5;-0.42;0.0;5.80;0.04;62.0;61.3;87.6;87.0;576;563;0;0;7346.58;3681.26;3665.32;1222.8;1179.3;10600.;3;AP ENGAGED;AT ENGAGED;0;0;-;-4.18;-3.25;1.87;0.96;0.00;6.21;0;1;1;0
XX/03/22;06:01:38;FINAL APPROACH;AIR;AIR;AIR;4744;4744.00;1013.0;1424;1170;24.00;-15.872.883;-48.007.298;144;148;147;133.27;0.244;-724;1.00;0.00;-0.01;107;90.00;19;-0.5;55175;30;-0.70;2.6;-0.38;0.1;5.80;0.04;61.8;61.1;87.5;87.0;575;563;0;0;7347.25;3681.60;3665.65;1215.6;1172.0;10600.;4;AP ENGAGED;AT ENGAGED;0;0;-;-3.95;-3.25;1.13;0.96;-0.06;6.21;0;1;1;0
XX/03/22;06:01:39;FINAL APPROACH;AIR;AIR;AIR;4732;4732.00;1013.0;1412;1208;24.00;-15.872.991;-48.006.611;144;148;147;133.27;0.244;-723;0.99;-0.00;-0.00;107;90.00;19;-0.4;55175;30;-0.35;2.6;-0.34;0.0;6.16;0.03;61.6;61.0;87.5;86.9;576;564;0;0;7347.91;3681.94;3665.97;1208.3;1172.0;10600.;3;AP ENGAGED;AT ENGAGED;0;0;-;-3.95;-3.15;1.13;1.07;0.06;6.21;0;1;1;0
XX/03/22;06:01:40;FINAL APPROACH;AIR;AIR;AIR;4724;4724.00;1013.0;1404;1246;24.00;-15.873.099;-48.005.928;143;148;147;133.27;0.244;-682;1.01;-0.00;-0.00;107;89.65;19;-0.3;55175;30;0.35;2.8;-0.38;0.1;6.33;0.02;61.6;61.1;87.5;86.9;576;564;0;0;7348.57;3682.27;3666.30;1204.7;1168.4;10600.;4;AP ENGAGED;AT ENGAGED;0;0;-;-4.14;-3.15;2.72;1.07;-0.06;6.18;0;1;1;0
XX/03/22;06:01:41;FINAL APPROACH;AIR;AIR;AIR;4712;4712.00;1013.0;1392;1285;24.00;-15.873.207;-48.005.234;143;148;147;133.22;0.243;-655;1.01;-0.00;-0.00;107;88.95;19;-0.2;55139;30;0.00;3.0;-0.46;0.1;6.33;0.02;61.6;61.1;87.5;87.0;576;564;0;0;7349.23;3682.61;3666.62;1204.7;1168.4;10600.;4;AP ENGAGED;AT ENGAGED;0;0;-;-4.14;-3.30;2.72;0.28;-0.06;6.21;0;1;1;0
XX/03/22;06:01:42;FINAL APPROACH;AIR;AIR;AIR;4700;4700.00;1013.0;1380;1307;24.00;-15.873.313;-48.004.551;143;148;147;133.22;0.243;-677;0.99;-0.00;0.00;107;88.95;19;-0.4;55139;30;-1.05;2.8;-0.42;-0.1;6.33;0.02;61.6;61.9;87.5;87.4;577;569;0;0;7349.90;3682.94;3666.95;1204.7;1204.7;10600.;3;AP ENGAGED;AT ENGAGED;0;0;-;-4.00;-3.30;1.42;0.28;-0.06;6.21;0;1;1;0
XX/03/22;06:01:43;FINAL APPROACH;AIR;AIR;AIR;4692;4692.00;1013.0;1372;1324;24.25;-15.873.421;-48.003.864;143;148;147;133.22;0.243;-651;0.99;0.00;0.01;107;89.30;19;-0.4;55139;30;-1.05;2.8;-0.63;-0.0;6.33;0.02;63.8;64.9;88.4;88.4;593;583;0;0;7350.62;3683.30;3667.31;1306.3;1291.8;10600.;4;AP ENGAGED;AT ENGAGED;0;0;-;-4.00;-3.80;1.42;0.28;0.00;6.21;0;1;1;0
XX/03/22;06:01:44;FINAL APPROACH;AIR;AIR;AIR;4680;4680.00;1013.0;1360;1286;24.25;-15.873.528;-48.003.185;143;148;147;133.22;0.243;-634;1.01;0.00;0.01;107;89.65;19;-0.5;55139;30;-0.70;2.8;-0.71;-0.0;6.16;0.01;66.3;65.6;88.6;88.4;596;583;0;0;7351.36;3683.68;3667.68;1346.2;1320.8;10600.;3;AP ENGAGED;AT ENGAGED;0;0;-;-4.37;-3.80;2.38;0.28;0.06;6.18;0;1;1;0
XX/03/22;06:01:45;FINAL APPROACH;AIR;AIR;AIR;4668;4668.00;1013.0;1348;1245;24.25;-15.873.635;-48.002.487;143;147;147;133.22;0.242;-663;0.99;0.00;0.01;107;89.65;19;-0.4;55139;30;-0.35;2.8;-0.63;-0.0;6.16;0.02;65.5;65.3;88.5;88.1;594;582;0;0;7352.10;3684.05;3668.05;1360.7;1328.1;10480.;3;AP ENGAGED;AT ENGAGED;0;0;-;-4.37;-3.55;2.38;1.18;0.13;6.21;0;1;1;0
XX/03/22;06:01:46;FINAL APPROACH;AIR;AIR;AIR;4660;4660.00;1013.0;1340;1200;24.25;-15.873.742;-48.001.804;143;147;147;133.22;0.242;-642;0.98;-0.00;0.01;107;89.30;19;-0.3;55139;30;-0.70;2.8;-0.50;-0.0;5.98;0.02;64.9;64.5;88.3;88.0;592;579;0;0;7352.84;3684.43;3668.41;1342.6;1306.3;10480.;4;AP ENGAGED;AT ENGAGED;0;0;-;-4.14;-3.55;0.57;1.18;0.00;6.21;0;1;1;0
XX/03/22;06:01:47;FINAL APPROACH;AIR;AIR;AIR;4648;4648.00;1013.0;1328;1173;24.25;-15.873.848;-48.001.122;143;147;147;133.22;0.242;-628;0.99;-0.00;0.01;107;88.95;19;-0.3;55139;30;-0.70;2.8;-0.59;-0.0;5.98;0.03;64.4;63.9;88.1;87.9;591;578;0;0;7353.57;3684.80;3668.77;1324.4;1288.2;10480.;3;AP ENGAGED;AT ENGAGED;0;0;-;-4.14;-3.45;0.57;2.03;-0.06;6.21;0;1;1;0
XX/03/22;06:01:48;FINAL APPROACH;AIR;AIR;AIR;4636;4636.00;1013.0;1316;1174;24.25;-15.873.953;-48.000.443;143;147;147;133.22;0.242;-658;0.99;-0.00;0.01;107;88.59;19;-0.2;55139;30;-0.35;2.8;-0.59;-0.0;6.16;0.02;64.0;63.9;88.1;87.9;590;578;0;0;7354.29;3685.16;3669.13;1309.9;1280.9;10480.;4;AP ENGAGED;AT ENGAGED;0;0;-;-4.18;-3.45;1.13;2.03;-0.06;6.21;0;1;1;0
XX/03/22;06:01:49;FINAL APPROACH;AIR;AIR;AIR;4628;4628.00;1013.0;1308;1198;24.25;-15.874.057;-47.999.741;143;147;147;133.22;0.242;-639;1.00;-0.00;0.01;107;88.24;19;-0.2;55139;30;0.00;3.0;-0.50;0.1;6.16;0.02;63.8;63.9;88.0;87.9;590;579;0;0;7355.00;3685.52;3669.48;1299.0;1277.3;10480.;4;AP ENGAGED;AT ENGAGED;0;0;-;-4.18;-3.30;1.13;1.18;-0.06;6.18;0;1;1;0
XX/03/22;06:01:50;FINAL APPROACH;AIR;AIR;AIR;4616;4616.00;1013.0;1296;1198;24.25;-15.874.162;-47.999.058;143;147;147;133.22;0.242;-626;0.99;0.00;0.01;107;88.24;19;-0.2;55139;30;0.00;3.0;-0.55;0.0;6.33;0.01;63.6;63.8;88.0;87.8;590;580;0;0;7355.71;3685.88;3669.83;1291.8;1273.6;10480.;4;AP ENGAGED;AT ENGAGED;0;0;-;-4.28;-3.30;2.10;1.18;-0.13;6.18;0;1;1;0
XX/03/22;06:01:51;FINAL APPROACH;AIR;AIR;AIR;4604;4604.00;1013.0;1284;1201;24.25;-15.874.267;-47.998.375;143;147;147;133.22;0.242;-657;1.00;0.00;0.01;107;87.89;19;-0.2;55139;30;0.00;3.0;-0.67;0.0;6.16;0.01;64.3;64.6;88.3;88.1;595;585;0;0;7356.44;3686.24;3670.20;1306.3;1309.9;10480.;4;AP ENGAGED;AT ENGAGED;0;0;-;-4.28;-3.55;2.10;0.45;-0.06;6.21;0;1;1;0
XX/03/22;06:01:52;FINAL APPROACH;AIR;AIR;AIR;4596;4596.00;1013.0;1276;1224;24.50;-15.874.371;-47.997.696;143;147;147;133.22;0.242;-638;0.99;0.00;0.01;107;88.24;19;-0.4;55139;30;-0.35;3.0;-0.63;0.0;6.33;0.02;64.6;64.5;88.4;88.3;596;585;0;0;7357.17;3686.61;3670.56;1320.8;1302.7;10480.;4;AP ENGAGED;AT ENGAGED;0;0;-;-4.23;-3.55;1.59;0.45;0.00;6.21;0;1;1;0
XX/03/22;06:01:53;FINAL APPROACH;AIR;AIR;AIR;4584;4584.00;1013.0;1264;1221;24.50;-15.874.476;-47.996.994;142;147;147;133.22;0.241;-626;0.99;0.00;0.01;107;88.95;19;-0.4;55139;30;-0.35;2.8;-0.59;-0.1;6.16;0.02;64.6;64.5;88.4;88.3;595;585;0;0;7357.90;3686.98;3670.92;1324.4;1306.3;10480.;4;AP ENGAGED;AT ENGAGED;0;0;-;-4.23;-3.40;1.59;0.84;-0.06;6.18;0;1;1;0
XX/03/22;06:01:54;FINAL APPROACH;AIR;AIR;AIR;4572;4572.00;1013.0;1252;1222;24.50;-15.874.581;-47.996.315;142;147;147;133.22;0.241;-657;0.99;0.00;0.01;107;88.95;19;-0.4;55139;30;0.00;2.8;-0.59;-0.0;6.16;0.01;64.5;64.4;88.4;88.1;595;584;0;0;7358.63;3687.34;3671.28;1324.4;1299.0;10480.;4;AP ENGAGED;AT ENGAGED;0;0;-;-4.32;-3.40;1.87;0.84;0.00;6.21;0;1;1;0
XX/03/22;06:01:55;FINAL APPROACH;AIR;AIR;AIR;4564;4564.00;1013.0;1244;1238;24.50;-15.874.687;-47.995.632;142;147;147;133.22;0.241;-638;0.99;0.00;0.01;107;88.95;19;-0.3;55139;30;0.00;2.8;-0.67;-0.0;6.33;0.01;64.4;64.4;88.3;88.1;594;584;0;0;7359.36;3687.71;3671.64;1320.8;1299.0;10480.;4;AP ENGAGED;AT ENGAGED;0;0;-;-4.32;-3.60;1.87;-0.17;0.00;6.21;0;1;1;0
XX/03/22;06:01:56;FINAL APPROACH;AIR;AIR;AIR;4552;4552.00;1013.0;1232;1247;24.50;-15.874.792;-47.994.949;142;147;147;133.22;0.241;-625;0.99;0.00;0.01;107;88.59;19;-0.2;55139;30;-0.35;2.8;-0.67;-0.0;6.16;0.01;64.1;64.1;88.3;88.0;593;584;0;0;7360.08;3688.08;3672.00;1309.9;1288.2;10480.;3;AP ENGAGED;AT ENGAGED;0;0;-;-4.28;-3.60;1.59;-0.17;-0.13;6.21;0;1;1;0
XX/03/22;06:01:57;FINAL APPROACH;AIR;AIR;AIR;4540;4540.00;1013.0;1220;1243;24.50;-15.874.898;-47.994.255;142;147;147;133.22;0.241;-657;0.98;0.00;0.01;107;88.95;19;-0.4;55139;30;-1.05;2.6;-0.59;-0.1;6.16;0.01;64.0;63.9;88.3;88.0;594;584;0;0;7360.80;3688.44;3672.36;1309.9;1284.5;10480.;4;AP ENGAGED;AT ENGAGED;0;0;-;-4.28;-3.45;1.59;1.18;-0.06;6.21;0;1;1;0
XX/03/22;06:01:58;FINAL APPROACH;AIR;AIR;AIR;4528;4528.00;1013.0;1208;1219;24.50;-15.875.002;-47.993.572;142;147;147;133.22;0.240;-678;0.98;0.00;0.01;107;88.95;19;-0.4;55139;30;-1.05;2.6;-0.55;-0.0;6.16;0.01;63.9;63.9;88.1;87.9;593;583;0;0;7361.52;3688.80;3672.72;1302.7;1280.9;10480.;4;AP ENGAGED;AT ENGAGED;0;0;-;-4.18;-3.45;0.85;1.18;0.00;6.21;0;1;1;0
XX/03/22;06:01:59;FINAL APPROACH;AIR;AIR;AIR;4516;4516.00;1013.0;1196;1173;24.50;-15.875.106;-47.992.886;142;147;147;133.22;0.241;-692;0.99;0.00;0.01;107;89.30;19;-0.4;55139;30;-0.35;2.6;-0.55;-0.0;6.16;0.01;63.9;63.6;88.1;87.6;593;582;0;0;7362.23;3689.16;3673.07;1295.4;1270.0;10480.;4;AP ENGAGED;AT ENGAGED;0;0;-;-4.18;-3.50;0.85;1.01;-0.06;6.21;0;1;1;0
XX/03/22;06:02:00;FINAL APPROACH;AIR;AIR;AIR;4504;4504.00;1013.0;1184;1138;24.75;-15.875.210;-47.992.203;142;147;147;133.22;0.241;-701;1.00;-0.00;0.01;107;88.95;19;-0.3;55139;30;0.00;2.8;-0.63;0.1;6.16;0.01;63.6;63.4;88.0;87.8;592;582;0;0;7362.94;3689.52;3673.42;1291.8;1266.4;10480.;4;AP ENGAGED;AT ENGAGED;0;0;-;-4.23;-3.50;1.25;1.01;0.00;6.21;0;1;1;0
XX/03/22;06:02:01;FINAL APPROACH;AIR;AIR;AIR;4496;4496.00;1013.0;1176;1112;24.75;-15.875.314;-47.991.505;142;147;147;133.22;0.241;-668;0.99;-0.00;0.01;107;88.59;19;-0.3;55139;30;-0.35;2.6;-0.55;-0.1;6.16;0.01;63.5;63.4;88.0;87.8;592;582;0;0;7363.65;3689.88;3673.77;1284.5;1262.8;10480.;3;AP ENGAGED;AT ENGAGED;0;0;-;-4.23;-3.40;1.25;1.13;-0.13;6.24;0;1;1;0
XX/03/22;06:02:02;FINAL APPROACH;AIR;AIR;AIR;4484;4484.00;1013.0;1164;1112;24.75;-15.875.418;-47.990.826;142;147;147;133.22;0.241;-645;0.99;0.00;0.00;107;88.95;19;-0.4;55139;30;-0.35;2.6;-0.63;-0.0;6.16;0.02;63.4;63.3;88.0;87.9;592;582;0;0;7364.35;3690.23;3674.12;1280.9;1255.5;10480.;4;AP ENGAGED;AT ENGAGED;0;0;-;-4.32;-3.40;1.30;1.13;0.00;6.21;0;1;1;0
XX/03/22;06:02:03;FINAL APPROACH;AIR;AIR;AIR;4472;4472.00;1013.0;1152;1111;24.75;-15.875.522;-47.990.139;142;147;147;133.22;0.241;-670;0.98;0.00;0.00;107;88.95;19;-0.4;55139;30;0.00;2.6;-0.55;-0.0;6.16;0.02;63.1;63.1;87.9;87.6;591;581;0;0;7365.05;3690.59;3674.47;1273.6;1251.9;10480.;4;AP ENGAGED;AT ENGAGED;0;0;-;-4.32;-3.45;1.30;0.67;-0.13;6.24;0;1;1;0
XX/03/22;06:02:04;FINAL APPROACH;AIR;AIR;AIR;4460;4460.00;1013.0;1140;1095;24.75;-15.875.627;-47.989.456;142;147;147;133.22;0.241;-686;0.98;0.00;0.00;107;88.95;19;-0.4;55139;30;0.35;2.6;-0.50;-0.0;6.16;0.02;63.0;62.5;87.9;87.5;590;578;0;0;7365.75;3690.94;3674.81;1266.4;1233.7;10480.;4;AP ENGAGED;AT ENGAGED;0;0;-;-4.18;-3.45;1.53;0.67;-0.06;6.21;0;1;1;0
XX/03/22;06:02:05;FINAL APPROACH;AIR;AIR;AIR;4448;4448.00;1013.0;1128;1077;24.75;-15.875.427;-47.988.762;142;147;147;133.22;0.241;-698;0.98;0.00;-0.00;107;88.95;19;-0.4;55139;30;0.35;2.6;-0.50;-0.0;6.16;0.02;62.6;62.0;87.8;87.4;589;577;0;0;7366.43;3691.29;3675.15;1255.5;1215.6;10480.;3;AP ENGAGED;AT ENGAGED;0;0;-;-4.18;-3.30;1.53;0.73;0.00;6.21;0;1;1;0
XX/03/22;06:02:06;FINAL APPROACH;AIR;AIR;AIR;4432;4432.00;1013.0;1112;1061;25.00;-15.875.227;-47.988.079;142;147;147;133.22;0.241;-745;0.99;-0.00;0.00;107;88.95;19;-0.4;55139;30;0.35;2.6;-0.42;-0.0;6.16;0.02;62.1;61.9;87.6;87.3;587;577;0;0;7367.11;3691.63;3675.48;1241.0;1204.7;10480.;4;AP ENGAGED;AT ENGAGED;0;0;-;-4.00;-3.30;2.32;0.73;0.00;6.21;0;1;1;0
XX/03/22;06:02:07;FINAL APPROACH;AIR;AIR;AIR;4420;4420.00;1013.0;1100;1058;25.00;-15.875.028;-47.987.396;142;147;147;133.22;0.241;-776;0.99;0.00;0.00;107;88.95;19;-0.4;55139;30;0.35;2.6;-0.50;-0.0;6.33;0.01;61.8;61.6;87.6;87.1;586;576;0;0;7367.79;3691.97;3675.81;1222.8;1193.8;10480.;4;AP ENGAGED;AT ENGAGED;0;0;-;-4.00;-3.40;2.32;-0.34;-0.06;6.21;0;1;1;0
XX/03/22;06:02:08;FINAL APPROACH;AIR;AIR;AIR;4408;4408.00;1013.0;1088;1060;25.00;-15.874.830;-47.986.713;142;147;147;133.22;0.240;-758;1.00;0.00;0.00;107;88.95;19;-0.4;55139;30;0.00;2.6;-0.50;-0.0;6.33;0.01;61.6;61.4;87.6;87.1;586;575;0;0;7368.45;3692.31;3676.14;1219.2;1190.2;10480.;4;AP ENGAGED;AT ENGAGED;0;0;-;-4.05;-3.40;2.61;-0.34;0.06;6.21;0;1;1;0
XX/03/22;06:02:09;FINAL APPROACH;AIR;AIR;AIR;4396;4396.00;1013.0;1076;1055;25.00;-15.873.308;-47.986.015;141;147;147;133.22;0.240;-745;0.98;0.00;-0.00;107;89.30;19;-0.4;55139;30;-0.70;2.6;-0.34;-0.0;6.16;0.01;61.6;61.0;87.6;87.0;585;574;0;0;7369.12;3692.65;3676.47;1212.0;1175.7;10480.;4;AP ENGAGED;AT ENGAGED;0;0;-;-4.05;-3.05;2.61;0.05;0.00;6.18;0;1;1;0
XX/03/22;06:02:10;FINAL APPROACH;AIR;AIR;AIR;4384;4384.00;1013.0;1064;1055;25.00;-15.871.785;-47.985.332;141;147;147;133.22;0.240;-737;0.98;0.01;0.00;107;89.65;19;-0.5;55139;30;-1.05;2.5;-0.38;-0.1;6.16;0.01;61.5;61.0;87.5;87.0;584;574;0;0;7369.78;3692.98;3676.80;1208.3;1175.7;10480.;4;AP ENGAGED;AT ENGAGED;0;0;-;-3.95;-3.05;1.98;0.05;0.06;6.21;0;1;1;0
XX/03/22;06:02:11;FINAL APPROACH;AIR;AIR;AIR;4372;4372.00;1013.0;1052;1051;25.00;-15.870.264;-47.984.653;141;147;147;133.22;0.240;-731;1.00;0.00;0.00;107;90.00;19;-0.5;55139;30;-0.70;2.6;-0.42;0.1;6.33;0.01;61.5;60.9;87.5;87.0;584;573;0;0;7370.44;3693.32;3677.12;1208.3;1172.0;10480.;4;AP ENGAGED;-;0;0;-;-3.95;-3.15;1.98;0.28;0.00;6.21;0;1;1;0
XX/03/22;06:02:12;FINAL APPROACH;AIR;AIR;AIR;4360;4360.00;1013.0;1040;1040;25.00;-15.868.741;-47.983.967;141;147;147;133.22;0.240;-728;0.99;0.00;0.00;107;90.00;19;-0.4;55139;30;-0.70;2.6;-0.42;0.0;6.51;-0.01;61.3;61.0;87.5;87.0;584;573;0;0;7371.10;3693.65;3677.45;1201.1;1172.0;10480.;4;AP ENGAGED;-;0;0;-;-4.00;-3.15;1.87;0.28;0.00;6.21;0;1;1;0
XX/03/22;06:02:13;FINAL APPROACH;AIR;AIR;AIR;4344;4344.00;1013.0;1024;1026;25.25;-15.867.218;-47.983.269;141;147;147;133.22;0.240;-765;0.99;-0.00;0.00;107;90.00;19;-0.4;55139;30;-1.05;2.6;-0.38;0.0;6.51;-0.01;61.1;60.9;87.4;87.0;583;573;0;0;7371.76;3693.98;3677.77;1197.4;1172.0;10480.;4;-;-;0;0;-;-4.00;-3.15;1.87;1.01;0.00;6.21;0;1;1;1
XX/03/22;06:02:14;FINAL APPROACH;AIR;AIR;AIR;4332;4332.00;1013.0;1012;1022;25.25;-15.867.324;-47.982.590;141;147;147;133.22;0.240;-790;0.99;0.00;0.00;107;90.00;19;-0.4;55139;30;-1.05;2.6;-0.38;0.0;6.33;-0.02;61.1;60.9;87.4;87.0;582;573;0;0;7372.42;3694.32;3678.10;1193.8;1172.0;10480.;4;-;-;0;0;-;-3.95;-3.15;1.42;1.01;0.00;6.21;0;1;1;1
XX/03/22;06:02:15;FINAL APPROACH;AIR;AIR;AIR;4320;4320.00;1013.0;1000;1022;25.25;-15.867.429;-47.981.907;141;146;147;133.22;0.239;-767;0.98;0.00;0.00;107;89.65;19;-0.4;55139;30;-1.05;2.6;-0.42;0.0;6.33;-0.02;61.0;60.9;87.4;87.0;582;573;0;0;7373.07;3694.65;3678.42;1193.8;1168.4;10480.;4;-;-;0;0;-;-3.95;-3.45;1.42;0.90;0.00;6.21;0;1;1;1
XX/03/22;06:02:16;FINAL APPROACH;AIR;AIR;AIR;4308;4308.00;1013.0;988;1004;25.25;-15.867.534;-47.981.220;141;147;147;133.22;0.239;-751;0.98;0.00;-0.00;107;89.65;19;-0.4;55139;30;-1.05;2.6;-0.55;0.0;6.33;-0.02;61.0;60.9;87.4;87.0;582;573;0;0;7373.73;3694.98;3678.75;1193.8;1172.0;10480.;4;-;-;0;0;-;-4.00;-3.45;1.47;0.90;-0.06;6.21;0;1;1;1
XX/03/22;06:02:17;FINAL APPROACH;AIR;AIR;AIR;4292;4292.00;1013.0;972;1002;25.25;-15.867.640;-47.980.522;141;146;147;133.22;0.239;-781;0.98;0.00;-0.00;107;89.65;19;-0.5;55139;30;-0.70;2.5;-0.59;-0.1;6.33;-0.03;61.0;60.9;87.4;87.0;582;573;0;0;7374.39;3695.31;3679.08;1193.8;1172.0;10480.;4;-;-;0;0;-;-4.00;-3.20;1.47;0.96;0.00;6.21;0;1;1;1
XX/03/22;06:02:18;FINAL APPROACH;AIR;AIR;AIR;4280;4280.00;1013.0;960;992;25.25;-15.867.744;-47.979.843;141;147;147;133.22;0.239;-800;0.99;0.00;-0.00;107;89.65;19;-0.4;55139;30;-0.35;2.5;-0.29;-0.0;6.33;-0.04;61.0;60.9;87.4;87.0;582;572;0;0;7375.04;3695.64;3679.40;1193.8;1168.4;10480.;4;-;-;0;0;-;-4.00;-3.20;1.87;0.96;0.06;6.21;0;1;1;1
XX/03/22;06:02:19;FINAL APPROACH;AIR;AIR;AIR;4264;4264.00;1013.0;944;972;25.25;-15.867.847;-47.979.160;141;147;147;133.22;0.239;-813;0.99;0.00;0.00;107;89.30;19;-0.3;55139;30;0.35;2.5;-0.34;-0.0;6.68;-0.03;61.4;61.4;87.6;87.3;586;575;0;0;7375.71;3695.98;3679.73;1201.1;1186.6;10480.;4;-;-;0;0;-;-4.00;-3.15;1.87;0.56;0.06;6.21;0;1;1;1
XX/03/22;06:02:20;FINAL APPROACH;AIR;AIR;AIR;4252;4252.00;1013.0;932;962;25.25;-15.867.951;-47.978.474;141;146;147;133.22;0.238;-822;0.99;-0.00;0.01;107;88.95;19;-0.1;55139;30;0.70;2.5;-0.42;-0.0;6.68;-0.04;62.3;61.5;87.9;87.4;588;575;0;0;7376.38;3696.32;3680.06;1230.1;1197.4;10480.;4;-;-;0;0;-;-3.90;-3.15;1.70;0.56;-0.06;6.21;0;1;1;1
XX/03/22;06:02:21;FINAL APPROACH;AIR;AIR;AIR;4236;4236.00;1013.0;916;969;25.25;-15.868.054;-47.977.776;141;145;147;133.22;0.236;-828;0.99;-0.00;0.01;107;88.24;19;-0.1;55139;30;0.35;2.5;-0.34;-0.0;6.86;-0.04;62.8;62.0;88.0;87.5;590;578;0;0;7377.07;3696.67;3680.40;1255.5;1219.2;10480.;4;-;-;0;0;-;-3.90;-2.80;1.70;0.62;-0.19;6.21;0;1;1;1
XX/03/22;06:02:22;FINAL APPROACH;AIR;AIR;AIR;4224;4224.00;1013.0;904;961;25.25;-15.868.159;-47.977.093;141;145;147;133.22;0.236;-832;0.99;0.00;0.02;107;88.59;18;-0.4;55139;30;-0.35;2.6;-0.25;0.1;6.68;-0.04;62.9;62.1;88.1;87.8;590;578;0;0;7377.76;3697.02;3680.74;1266.4;1222.8;10480.;3;-;-;0;0;-;-4.00;-2.80;1.76;0.62;-0.25;6.24;0;1;1;1
XX/03/22;06:02:23;FINAL APPROACH;AIR;AIR;AIR;4208;4208.00;1013.0;888;941;25.25;-15.868.264;-47.976.414;141;145;147;133.22;0.236;-835;0.98;0.01;0.01;107;89.30;18;-0.5;55139;30;-0.70;2.6;-0.13;0.0;6.51;-0.06;63.0;63.0;88.3;88.0;592;582;0;0;7378.46;3697.37;3681.09;1273.6;1262.8;10480.;4;-;-;0;0;-;-4.00;-2.95;1.76;-0.11;0.00;6.21;0;1;1;1
XX/03/22;06:02:24;FINAL APPROACH;AIR;AIR;AIR;4196;4196.00;1013.0;876;931;25.25;-15.868.368;-47.975.727;141;145;147;133.22;0.237;-836;1.00;-0.00;0.02;107;89.30;18;-0.4;55139;30;-0.35;2.6;-0.13;0.0;7.03;-0.06;65.0;64.4;88.8;88.5;601;587;0;0;7379.20;3697.75;3681.45;1342.6;1302.7;10480.;4;-;-;0;0;-;-3.95;-2.95;2.49;-0.11;-0.13;6.21;0;1;1;1
XX/03/22;06:02:25;FINAL APPROACH;AIR;AIR;AIR;4180;4180.00;1013.0;860;914;25.25;-15.868.473;-47.975.029;141;146;147;133.22;0.237;-838;1.01;-0.00;0.02;107;88.95;18;-0.1;55139;30;-0.35;2.6;-0.42;0.0;7.03;-0.06;65.6;64.6;88.9;88.5;602;588;0;0;7379.94;3698.12;3681.82;1364.4;1317.2;10480.;4;-;-;0;0;-;-3.95;-3.15;2.49;0.90;-0.13;6.18;0;1;1;1
XX/03/22;06:02:26;FINAL APPROACH;AIR;AIR;AIR;4168;4168.00;1013.0;848;900;25.25;-15.868.578;-47.974.350;142;146;147;133.22;0.238;-838;0.99;-0.00;0.01;107;88.24;18;-0.1;55139;30;-0.35;2.8;-0.42;0.1;5.98;-0.06;65.5;64.6;88.8;88.6;602;589;0;0;7380.69;3698.51;3682.19;1375.2;1324.4;10480.;3;-;-;0;0;-;-3.95;-3.15;1.25;0.90;-0.19;6.18;0;1;1;1
XX/03/22;06:02:27;FINAL APPROACH;AIR;AIR;AIR;4152;4152.00;1013.0;832;892;25.50;-15.868.682;-47.973.667;142;145;147;133.22;0.236;-839;0.99;0.02;0.02;107;88.24;18;-0.2;55139;30;-0.35;2.8;-0.38;0.0;7.03;-0.06;65.3;64.6;88.8;88.6;602;589;0;0;7381.44;3698.89;3682.56;1371.6;1331.7;10480.;3;-;-;0;0;-;-3.95;-3.20;1.25;0.96;-0.06;6.21;0;1;1;1
XX/03/22;06:02:28;FINAL APPROACH;AIR;AIR;AIR;4140;4140.00;1013.0;820;894;25.25;-15.868.787;-47.972.980;142;144;147;133.22;0.235;-839;1.01;0.00;0.02;107;87.89;17;-0.1;55139;30;0.35;3.0;-0.88;0.1;7.03;-0.06;65.3;64.6;88.8;88.5;602;589;0;0;7382.19;3699.27;3682.93;1371.6;1328.1;10480.;4;-;-;0;0;-;-4.37;-3.20;3.01;0.96;0.06;6.21;0;1;1;1
XX/03/22;06:02:29;FINAL APPROACH;AIR;AIR;AIR;4128;4128.00;1013.0;808;889;25.25;-15.868.892;-47.972.282;142;144;147;133.22;0.235;-800;0.99;0.00;0.02;107;86.84;16;0.3;55139;30;0.70;2.8;-0.84;-0.1;7.03;-0.06;65.1;64.6;88.8;88.5;602;590;0;0;7382.94;3699.65;3683.30;1368.0;1331.7;10480.;4;-;-;0;0;-;-4.37;-3.25;3.01;0.79;0.06;6.21;0;1;1;1
XX/03/22;06:02:30;FINAL APPROACH;AIR;AIR;AIR;4112;4112.00;1013.0;792;856;25.00;-15.868.996;-47.971.600;142;144;147;133.22;0.235;-813;0.94;-0.01;0.01;107;85.08;16;0.6;55139;30;0.70;2.5;0.59;-0.2;6.51;-0.06;65.1;64.6;88.8;88.6;602;590;0;0;7383.70;3700.03;3683.67;1371.6;1331.7;10480.;4;-;-;0;0;-;-3.50;-3.25;1.53;0.79;-0.38;6.09;0;1;1;1
XX/03/22;06:02:31;FINAL APPROACH;AIR;AIR;AIR;4100;4100.00;1013.0;780;841;25.00;-15.869.101;-47.970.913;142;146;147;133.22;0.237;-822;0.98;-0.01;0.01;107;84.02;16;0.4;55139;30;-0.70;2.6;0.42;0.1;6.86;-0.07;65.1;64.6;88.8;88.5;603;590;0;0;7384.45;3700.41;3684.04;1368.0;1331.7;10480.;4;-;-;0;0;-;-3.50;-2.60;1.53;1.30;-0.63;6.06;0;1;1;1
XX/03/22;06:02:32;FINAL APPROACH;AIR;AIR;AIR;4084;4084.00;1013.0;764;848;25.00;-15.869.205;-47.970.230;142;145;147;133.22;0.235;-828;1.01;0.01;0.02;107;84.73;16;-0.1;55139;30;-1.76;3.0;-0.17;0.2;7.39;-0.08;65.1;64.6;88.8;88.5;603;591;0;0;7385.19;3700.79;3684.40;1368.0;1328.1;10480.;4;-;-;0;0;-;-3.90;-2.60;1.76;1.30;-0.32;6.06;0;1;1;1
XX/03/22;06:02:33;FINAL APPROACH;AIR;AIR;AIR;4072;4072.00;1013.0;752;831;25.25;-15.869.311;-47.969.532;143;144;147;133.22;0.234;-832;1.01;0.01;0.03;107;86.13;15;-0.4;55139;30;-0.70;3.2;-0.29;0.1;7.39;-0.08;65.1;64.8;88.8;88.6;603;592;0;0;7385.95;3701.17;3684.77;1371.6;1331.7;10480.;4;-;-;0;0;-;-3.90;-3.05;1.76;-0.17;0.19;6.06;0;1;1;1
XX/03/22;06:02:34;FINAL APPROACH;AIR;AIR;AIR;4056;4056.00;1013.0;736;802;25.00;-15.869.416;-47.968.853;143;144;147;133.22;0.234;-835;0.98;0.00;0.03;107;87.19;15;-0.4;55139;30;-0.70;3.0;0.13;-0.1;6.86;-0.09;65.4;65.4;88.9;88.9;605;595;0;0;7386.71;3701.55;3685.15;1378.9;1357.1;10480.;4;-;-;0;0;-;-3.75;-3.05;1.47;-0.17;0.06;6.09;0;1;1;1
XX/03/22;06:02:35;FINAL APPROACH;AIR;AIR;AIR;4044;4044.00;1013.0;724;818;25.00;-15.869.522;-47.968.166;143;145;147;133.22;0.235;-836;1.00;0.01;0.03;107;88.59;15;-0.5;55139;30;-1.41;2.8;0.63;-0.1;6.68;-0.10;65.6;65.8;88.9;88.9;607;596;0;0;7387.47;3701.94;3685.53;1386.1;1371.6;10480.;4;-;-;0;0;-;-3.75;-2.00;1.47;0.62;-0.06;6.06;0;1;1;1
XX/03/22;06:02:36;FINAL APPROACH;AIR;AIR;AIR;4032;4032.00;1013.0;712;817;25.00;-15.869.628;-47.967.484;143;144;147;133.22;0.234;-798;1.00;0.00;0.03;107;89.65;14;-0.5;55139;30;-0.70;3.2;0.59;0.2;7.56;-0.10;66.9;66.1;89.4;89.1;614;599;0;0;7388.26;3702.34;3685.92;1433.3;1393.4;10480.;4;-;-;0;0;-;-3.80;-2.00;2.15;0.62;-0.06;6.06;0;1;1;1
XX/03/22;06:02:37;FINAL APPROACH;AIR;AIR;AIR;4020;4020.00;1013.0;700;807;25.00;-15.869.735;-47.966.782;144;143;147;133.22;0.232;-772;1.04;0.00;0.04;107;90.35;14;-0.5;55139;30;-0.70;3.7;0.21;0.3;8.27;-0.11;67.9;66.5;89.6;89.3;617;600;0;0;7389.06;3702.75;3686.31;1476.9;1411.5;10480.;4;-;-;0;0;-;-3.80;-2.45;2.15;-1.08;-0.13;6.09;0;1;1;1
XX/03/22;06:02:38;FINAL APPROACH;AIR;AIR;AIR;4008;4008.00;1013.0;688;810;25.00;-15.869.842;-47.966.099;144;143;147;133.22;0.232;-755;1.02;0.01;0.04;107;90.70;13;-0.4;55139;30;0.00;4.0;-0.29;0.3;8.09;-0.12;67.9;66.6;89.5;89.3;616;601;0;0;7389.87;3703.16;3686.71;1484.1;1418.8;10480.;3;-;-;0;0;-;-2.75;-2.45;3.01;-1.08;0.25;6.09;0;1;1;1
XX/03/22;06:02:39;FINAL APPROACH;AIR;AIR;AIR;3996;3996.00;1013.0;676;798;25.00;-15.869.949;-47.965.412;144;145;147;133.22;0.236;-743;1.01;0.00;0.03;107;89.65;13;0.1;55139;30;0.00;3.9;-0.29;-0.0;7.56;-0.13;67.5;66.6;89.5;89.3;616;601;0;0;7390.67;3703.57;3687.10;1484.1;1422.4;10480.;4;-;-;0;0;-;-2.75;-3.10;3.01;-0.34;0.13;6.09;0;1;1;1
XX/03/22;06:02:40;FINAL APPROACH;AIR;AIR;AIR;3984;3984.00;1013.0;664;804;25.00;-15.870.055;-47.964.729;144;144;147;133.22;0.234;-736;1.00;0.00;0.03;106;87.89;13;0.1;55139;30;-1.76;3.7;-0.29;-0.1;7.39;-0.13;67.5;66.6;89.5;89.3;617;602;0;0;7391.48;3703.98;3687.50;1484.1;1426.1;10480.;4;-;-;0;0;-;-3.90;-3.10;1.25;-0.34;-0.06;6.09;0;1;1;1
XX/03/22;06:02:41;FINAL APPROACH;AIR;AIR;AIR;3976;3976.00;1013.0;656;786;25.00;-15.870.160;-47.964.035;144;145;147;133.22;0.235;-691;0.99;0.00;0.03;106;87.54;13;0.0;55139;30;-2.81;3.5;-0.38;-0.1;6.68;-0.14;67.5;66.8;89.5;89.3;618;603;0;0;7392.29;3704.40;3687.89;1484.1;1429.7;10480.;4;-;-;0;0;-;-3.90;-3.10;1.25;1.86;-0.19;6.06;0;1;1;1
XX/03/22;06:02:42;FINAL APPROACH;AIR;AIR;AIR;3964;3964.00;1013.0;644;778;25.00;-15.870.265;-47.963.352;144;144;147;133.22;0.233;-661;0.97;0.01;0.03;106;87.19;13;-0.2;55139;30;-2.81;3.3;-0.46;-0.1;6.51;-0.13;68.1;66.8;89.8;89.3;621;604;0;0;7393.11;3704.81;3688.29;1502.3;1429.7;10480.;4;-;-;0;0;-;-4.00;-3.10;0.40;1.86;-0.06;6.06;0;1;1;1
XX/03/22;06:02:43;FINAL APPROACH;AIR;AIR;AIR;3952;3952.00;1013.0;632;768;25.00;-15.870.366;-47.962.666;144;144;147;133.22;0.234;-680;0.98;-0.00;0.03;106;87.19;12;-0.1;55139;30;-1.76;3.5;-0.46;0.1;6.86;-0.12;68.3;66.8;89.8;89.3;622;604;0;0;7393.92;3705.23;3688.69;1513.1;1433.3;10480.;4;-;-;0;0;-;-4.00;-3.20;0.40;1.58;0.06;6.06;0;1;1;1
XX/03/22;06:02:44;FINAL APPROACH;AIR;AIR;AIR;3944;3944.00;1013.0;624;767;25.00;-15.870.468;-47.961.983;145;145;147;133.22;0.235;-654;1.00;-0.00;0.03;105;86.48;12;0.1;55139;30;-0.35;3.5;-0.42;0.0;7.21;-0.10;68.3;66.8;89.8;89.3;622;604;0;0;7394.74;3705.66;3689.09;1516.8;1433.3;10480.;4;-;-;0;0;-;-3.80;-3.20;0.45;1.58;0.19;6.09;0;1;1;1
XX/03/22;06:02:45;FINAL APPROACH;AIR;AIR;AIR;3932;3932.00;1013.0;612;751;25.25;-15.870.568;-47.961.288;145;144;147;133.17;0.233;-636;0.99;-0.00;0.03;105;85.08;12;0.4;55102;30;-0.35;3.5;-0.17;0.0;7.21;-0.10;68.3;66.8;89.8;89.4;623;605;0;0;7395.56;3706.08;3689.49;1520.4;1433.3;10480.;4;-;-;0;0;-;-3.80;-3.05;0.45;1.07;-0.13;6.09;0;1;1;1
XX/03/22;06:02:46;FINAL APPROACH;AIR;AIR;AIR;3920;3920.00;1013.0;600;743;25.25;-15.870.666;-47.960.598;145;144;147;133.17;0.234;-664;1.00;-0.00;0.03;105;83.67;12;0.4;55102;30;0.00;3.5;-1.34;0.0;7.21;-0.11;68.3;66.8;89.8;89.4;624;605;0;0;7396.38;3706.50;3689.88;1520.4;1433.3;10480.;4;-;-;0;0;-;-4.83;-3.05;1.30;1.07;-0.13;6.09;0;1;1;1
XX/03/22;06:02:47;FINAL APPROACH;AIR;AIR;AIR;3908;3908.00;1013.0;588;734;25.25;-15.870.765;-47.959.915;145;144;147;133.17;0.234;-682;0.96;-0.00;0.03;105;81.91;12;0.5;55102;30;0.00;3.0;0.71;-0.3;6.68;-0.11;68.3;66.9;89.9;89.4;624;606;0;0;7397.21;3706.92;3690.28;1520.4;1436.9;10480.;4;-;-;0;0;-;-4.83;-2.05;1.30;1.52;-0.06;6.06;0;1;1;1
XX/03/22;06:02:48;FINAL APPROACH;AIR;AIR;AIR;3900;3900.00;1013.0;580;726;25.25;-15.870.863;-47.959.229;146;144;147;133.17;0.234;-655;0.98;-0.01;0.03;105;80.86;12;0.5;55102;30;-0.35;3.2;-0.38;0.0;7.03;-0.10;68.3;66.8;89.9;89.4;624;605;0;0;7398.03;3707.35;3690.68;1520.4;1429.7;10480.;4;-;-;0;0;-;-3.85;-2.05;0.79;1.52;-0.51;6.06;0;1;1;1
XX/03/22;06:02:49;FINAL APPROACH;AIR;AIR;AIR;3888;3888.00;1013.0;568;726;25.25;-15.870.961;-47.958.534;146;145;147;133.17;0.234;-637;1.01;0.01;0.04;105;80.86;11;0.2;55102;30;-0.70;3.7;-0.50;0.3;7.39;-0.09;68.3;67.1;89.9;89.4;625;608;0;0;7398.85;3707.77;3691.08;1520.4;1440.6;10520.;4;-;-;0;0;-;-3.85;-3.55;0.79;1.24;0.00;6.09;0;1;1;1
XX/03/22;06:02:50;FINAL APPROACH;AIR;AIR;AIR;3876;3876.00;1013.0;556;721;25.25;-15.871.059;-47.957.848;146;145;147;133.17;0.235;-664;1.02;0.00;0.04;105;81.56;11;0.1;55102;30;0.00;3.7;-0.63;0.1;7.21;-0.07;71.0;68.5;90.6;89.8;640;613;0;0;7399.71;3708.22;3691.49;1629.3;1484.1;10520.;4;-;-;0;0;-;-4.00;-3.55;1.53;1.24;-0.19;6.06;0;1;1;1
XX/03/22;06:02:51;FINAL APPROACH;AIR;AIR;AIR;3868;3868.00;1013.0;548;705;25.25;-15.871.158;-47.957.165;146;145;147;133.17;0.234;-643;1.01;0.00;0.04;106;82.62;11;0.0;55102;30;0.35;3.5;-0.63;-0.1;6.86;-0.06;71.6;68.9;90.5;89.8;639;614;0;0;7400.60;3708.68;3691.91;1658.3;1516.8;10520.;4;-;-;0;0;-;-4.00;-3.25;1.53;1.13;-0.19;6.03;0;1;1;1
XX/03/22;06:02:52;FINAL APPROACH;AIR;AIR;AIR;3856;3856.00;1013.0;536;699;25.25;-15.871.259;-47.956.474;147;145;147;133.17;0.234;-629;0.99;0.01;0.03;106;82.97;11;0.1;55102;30;0.70;3.5;-0.46;-0.0;6.68;-0.06;71.1;68.9;90.4;89.8;639;615;0;0;7401.48;3709.14;3692.34;1665.5;1527.7;10520.;4;-;-;0;0;-;-4.00;-3.25;1.53;1.13;-0.51;6.03;0;1;1;1
XX/03/22;06:02:53;FINAL APPROACH;AIR;AIR;AIR;3848;3848.00;1013.0;528;687;25.25;-15.871.361;-47.955.788;147;145;147;133.17;0.235;-619;1.00;0.00;0.04;106;82.62;11;0.3;55102;30;1.41;3.5;-1.09;-0.0;6.86;-0.05;70.9;68.9;90.4;89.8;640;616;0;0;7402.37;3709.61;3692.76;1661.9;1531.3;10520.;4;-;-;0;0;-;-4.00;-3.80;1.53;1.18;0.00;6.03;0;1;1;1
XX/03/22;06:02:54;FINAL APPROACH;AIR;AIR;AIR;3836;3836.00;1013.0;516;672;25.00;-15.871.463;-47.955.097;147;146;147;133.17;0.236;-613;1.00;0.00;0.03;106;81.91;11;0.4;55102;30;1.41;3.3;-0.63;-0.1;6.51;-0.06;70.9;68.8;90.5;89.8;641;616;0;0;7403.26;3710.07;3693.19;1665.5;1531.3;10520.;3;-;-;0;0;-;-3.90;-3.80;1.36;1.18;-0.32;6.03;0;1;1;1
XX/03/22;06:02:55;FINAL APPROACH;AIR;AIR;AIR;3828;3828.00;1013.0;508;669;25.25;-15.871.568;-47.954.414;147;146;147;133.17;0.237;-609;0.99;0.00;0.03;107;81.56;11;0.4;55102;30;1.41;3.2;-1.63;-0.1;6.16;-0.07;70.9;68.8;90.5;89.8;641;617;0;0;7404.14;3710.53;3693.61;1665.5;1527.7;10520.;4;-;-;0;0;-;-3.90;-4.34;1.36;0.84;-0.06;6.03;0;1;1;1
XX/03/22;06:02:56;FINAL APPROACH;AIR;AIR;AIR;3816;3816.00;1013.0;496;661;25.25;-15.871.673;-47.953.728;148;146;147;133.17;0.236;-606;0.97;0.01;0.03;107;81.21;11;0.4;55102;30;1.76;2.8;-0.96;-0.2;5.80;-0.07;71.0;68.8;90.5;89.8;642;617;0;0;7405.03;3710.99;3694.04;1665.5;1531.3;10520.;4;-;-;0;0;-;-4.74;-4.34;3.06;0.84;-0.95;6.03;0;1;1;1
XX/03/22;06:02:57;FINAL APPROACH;AIR;AIR;AIR;3804;3804.00;1013.0;484;650;25.25;-15.871.779;-47.953.037;148;147;147;133.17;0.237;-644;0.97;-0.00;0.03;107;80.51;11;0.5;55102;30;1.76;2.6;-0.92;-0.2;5.80;-0.07;71.0;68.8;90.5;89.8;643;618;0;0;7405.92;3711.46;3694.46;1665.5;1531.3;10520.;4;-;-;0;0;-;-4.74;-3.20;3.06;0.28;-0.13;6.03;0;1;1;1
XX/03/22;06:02:58;FINAL APPROACH;AIR;AIR;AIR;3792;3792.00;1013.0;472;642;25.25;-15.871.887;-47.952.351;148;146;147;133.17;0.236;-669;0.98;-0.00;0.03;107;79.45;11;0.6;55102;30;0.70;2.5;-0.50;-0.1;6.16;-0.08;71.0;68.8;90.5;89.8;644;618;0;0;7406.81;3711.92;3694.89;1669.2;1531.3;10520.;4;-;-;0;0;-;-4.92;-3.20;1.64;0.28;-0.13;6.03;0;1;1;1
XX/03/22;06:02:59;FINAL APPROACH;AIR;AIR;AIR;3780;3780.00;1013.0;460;624;25.25;-15.871.995;-47.951.668;149;147;147;133.17;0.237;-686;0.99;0.00;0.03;107;78.75;10;0.5;55102;30;0.00;2.6;-1.30;0.1;6.33;-0.10;71.0;68.8;90.5;89.8;644;618;0;0;7407.70;3712.38;3695.31;1669.2;1531.3;10520.;4;-;-;0;0;-;-4.92;-4.25;1.64;-1.02;-0.25;6.03;0;1;1;1
XX/03/22;06:03:00;FINAL APPROACH;AIR;AIR;AIR;3768;3768.00;1013.0;448;618;25.25;-15.872.104;-47.950.977;149;147;147;133.17;0.237;-697;0.98;0.00;0.03;107;79.45;10;0.3;55102;30;-0.35;2.5;-0.29;-0.1;6.16;-0.11;71.0;68.8;90.5;89.8;644;619;0;0;7408.59;3712.85;3695.74;1665.5;1531.3;10520.;4;-;-;0;0;-;-4.00;-4.25;3.29;-1.02;-0.70;6.00;0;1;1;1
XX/03/22;06:03:01;FINAL APPROACH;AIR;AIR;AIR;3756;3756.00;1013.0;436;605;25.25;-15.872.214;-47.950.291;150;147;147;133.17;0.237;-705;0.99;0.01;0.03;107;80.86;10;0.1;55102;30;-1.05;2.6;-0.21;0.1;6.16;-0.14;71.0;68.8;90.5;89.8;644;619;0;0;7409.47;3713.31;3696.17;1669.2;1531.3;10520.;4;-;-;0;0;-;-4.00;-3.15;3.29;-0.11;-0.70;6.03;0;1;1;1
XX/03/22;06:03:02;FINAL APPROACH;AIR;AIR;AIR;3744;3744.00;1013.0;424;587;25.25;-15.872.325;-47.949.600;150;147;147;133.17;0.238;-710;1.01;0.00;0.03;107;81.56;10;0.3;55102;30;-1.41;3.0;-0.92;0.2;6.33;-0.15;71.0;68.8;90.5;89.8;644;619;0;0;7410.36;3713.77;3696.59;1669.2;1531.3;10520.;4;-;-;0;0;-;-4.00;-3.15;2.27;-0.11;-0.57;6.03;0;1;1;1
XX/03/22;06:03:03;FINAL APPROACH;AIR;AIR;AIR;3736;3736.00;1013.0;416;573;25.25;-15.872.436;-47.948.914;150;147;147;133.17;0.237;-673;1.01;-0.00;0.03;106;80.86;9;0.4;55102;30;-2.11;3.2;-0.42;0.1;6.68;-0.15;71.0;68.6;90.5;89.8;645;619;0;0;7411.25;3714.24;3697.02;1672.8;1527.7;10520.;4;-;-;0;0;-;-4.00;-3.70;2.27;1.07;-0.32;6.03;0;1;1;1
XX/03/22;06:03:04;FINAL APPROACH;AIR;AIR;AIR;3724;3724.00;1013.0;404;557;25.25;-15.872.547;-47.947.918;151;147;147;133.17;0.238;-649;1.01;0.01;0.03;106;80.51;9;0.3;55102;30;-3.16;3.3;-1.26;0.1;6.51;-0.14;71.0;68.8;90.5;89.8;646;620;0;0;7412.14;3714.70;3697.44;1672.8;1531.3;10520.;4;-;-;0;0;-;-4.83;-3.70;1.53;1.07;-0.51;6.03;0;1;1;1
XX/03/22;06:03:05;FINAL APPROACH;AIR;AIR;AIR;3712;3712.00;1013.0;392;529;25.25;-15.872.655;-47.947.231;151;148;147;133.17;0.238;-673;1.00;0.00;0.03;106;81.21;9;0.1;55102;30;-3.16;3.0;-1.05;-0.2;6.16;-0.15;70.9;68.6;90.5;89.8;646;620;0;0;7413.03;3715.17;3697.87;1669.2;1534.9;10520.;4;-;-;0;0;-;-4.83;-4.02;1.53;2.03;-0.13;6.03;0;1;1;1
XX/03/22;06:03:06;FINAL APPROACH;AIR;AIR;AIR;3700;3700.00;1013.0;380;521;25.25;-15.872.763;-47.946.545;151;148;147;133.17;0.238;-688;0.99;0.01;0.02;106;81.91;9;0.0;55102;30;-2.81;2.6;-1.26;-0.2;5.80;-0.15;70.9;68.6;90.5;89.8;646;620;0;0;7413.92;3715.63;3698.29;1669.2;1531.3;10520.;3;-;-;0;0;-;-4.55;-4.02;0.28;2.03;-0.13;6.03;0;1;1;1
XX/03/22;06:03:07;FINAL APPROACH;AIR;AIR;AIR;3692;3692.00;1013.0;372;497;25.25;-15.872.870;-47.945.854;152;148;147;133.17;0.239;-659;0.97;0.01;0.02;105;82.97;8;0.0;55102;30;-1.76;2.3;-0.50;-0.3;5.45;-0.15;71.0;68.6;90.5;89.8;646;620;0;0;7414.81;3716.09;3698.72;1672.8;1531.3;10520.;4;-;-;0;0;-;-4.55;-3.30;0.28;1.01;-0.32;6.03;0;1;1;1
XX/03/22;06:03:08;FINAL APPROACH;AIR;AIR;AIR;3680;3680.00;1013.0;360;471;25.25;-15.872.975;-47.945.091;152;148;147;133.17;0.238;-640;0.99;0.00;0.03;105;82.62;8;0.2;55102;30;-0.70;2.5;-1.09;0.1;5.98;-0.14;70.9;68.6;90.5;89.8;646;620;0;0;7415.70;3716.56;3699.14;1672.8;1531.3;10520.;4;-;-;0;0;-;-4.78;-3.30;1.47;1.01;-0.19;6.03;0;1;1;1
XX/03/22;06:03:09;FINAL APPROACH;AIR;AIR;AIR;3668;3668.00;1013.0;348;455;25.25;-15.872.774;-47.944.328;152;148;147;133.17;0.239;-666;1.01;-0.00;0.03;105;79.80;8;0.7;55102;30;-0.35;2.8;-0.75;0.2;6.16;-0.13;70.9;68.6;90.5;89.8;646;620;0;0;7416.59;3717.02;3699.57;1672.8;1531.3;10520.;4;-;-;0;0;-;-4.78;-2.95;1.47;3.51;-0.25;6.03;0;1;1;1
XX/03/22;06:03:10;FINAL APPROACH;AIR;AIR;AIR;3660;3660.00;1013.0;340;430;25.25;-15.872.571;-47.943.562;153;148;147;133.17;0.239;-644;0.99;-0.00;0.03;105;76.64;8;0.7;55102;30;-1.05;3.0;-1.09;0.1;6.16;-0.12;70.9;68.6;90.5;89.8;647;620;0;0;7417.48;3717.49;3699.99;1672.8;1531.3;10520.;4;-;-;0;0;-;-5.10;-2.95;0.01;3.51;-0.63;6.03;0;1;1;1
XX/03/22;06:03:11;FINAL APPROACH;AIR;AIR;AIR;3648;3648.00;1013.0;328;412;25.25;-15.872.368;-47.942.795;153;148;147;133.17;0.238;-630;1.01;-0.00;0.03;105;74.88;8;0.6;55102;30;0.35;3.0;-1.68;0.0;5.98;-0.11;70.9;68.6;90.5;89.8;647;620;0;0;7418.37;3717.95;3700.42;1672.8;1534.9;10520.;4;-;-;0;0;-;-5.10;-4.16;0.01;0.50;-0.44;6.06;0;1;1;1
XX/03/22;06:03:12;FINAL APPROACH;AIR;AIR;AIR;3636;3636.00;1013.0;316;401;25.25;-15.872.165;-47.942.032;153;148;147;133.17;0.238;-659;0.97;0.01;0.02;105;73.13;7;0.7;55102;30;1.41;2.5;-1.05;-0.3;5.63;-0.11;70.9;68.4;90.5;89.6;647;619;0;0;7419.26;3718.42;3700.84;1672.8;1520.4;10520.;4;-;-;0;0;-;-4.64;-4.16;3.01;0.50;-1.27;6.03;0;1;1;1
XX/03/22;06:03:13;FINAL APPROACH;AIR;AIR;AIR;3624;3624.00;1013.0;304;389;25.25;-15.870.624;-47.941.345;154;148;147;133.17;0.238;-679;0.96;-0.01;0.02;105;70.66;7;0.9;55102;30;0.35;2.3;-1.22;-0.2;5.45;-0.11;70.6;68.0;90.4;89.4;645;617;0;0;7420.14;3718.88;3701.26;1658.3;1505.9;10520.;4;-;-;0;0;-;-4.64;-3.50;3.01;0.62;-0.25;6.00;0;1;1;1
XX/03/22;06:03:14;FINAL APPROACH;AIR;AIR;AIR;3612;3612.00;1013.0;292;364;25.25;-15.869.083;-47.940.655;154;148;147;133.17;0.238;-693;0.96;-0.00;0.02;105;69.61;7;0.6;55102;30;-1.05;2.3;-1.13;-0.0;5.63;-0.10;70.3;67.9;90.3;89.4;644;616;0;0;7421.01;3719.34;3701.68;1647.4;1495.0;10520.;4;-;-;0;0;-;-5.52;-3.50;1.59;0.62;-0.51;6.03;0;1;1;1
XX/03/22;06:03:15;FINAL APPROACH;AIR;AIR;AIR;3600;3600.00;1013.0;280;354;25.25;-15.867.544;-47.939.655;154;148;147;133.17;0.238;-702;0.98;0.01;0.02;105;71.02;6;0.2;55102;30;-1.76;2.3;-1.68;-0.0;5.63;-0.08;70.1;67.8;90.1;89.3;644;616;0;0;7421.88;3719.79;3702.09;1636.5;1491.4;10520.;4;-;-;0;0;-;-5.52;-4.53;1.59;0.84;-0.19;6.03;0;1;1;1
XX/03/22;06:03:16;FINAL APPROACH;AIR;AIR;AIR;3584;3584.00;1013.0;264;338;25.00;-15.866.004;-47.938.980;155;148;147;133.17;0.238;-747;0.94;0.01;0.02;105;74.88;6;-0.2;55102;30;-1.76;1.6;-0.29;-0.4;5.10;-0.08;70.0;67.8;90.1;89.3;644;616;0;0;7422.75;3720.24;3702.50;1632.9;1491.4;10520.;4;-;-;0;0;-;-3.90;-4.53;1.30;0.84;0.06;6.00;0;1;1;1
XX/03/22;06:03:17;FINAL APPROACH;AIR;AIR;AIR;3568;3568.00;1013.0;248;316;25.00;-15.864.467;-47.938.286;155;148;147;133.17;0.238;-818;0.95;0.01;0.02;105;79.80;5;-0.3;55102;30;-1.05;1.6;-0.38;-0.1;5.63;-0.06;70.0;67.8;90.1;89.3;643;616;0;0;7423.61;3720.70;3702.92;1629.3;1491.4;10520.;4;-;-;0;0;-;-3.90;-3.25;1.30;0.84;0.13;6.03;0;1;1;1
XX/03/22;06:03:18;FINAL APPROACH;AIR;AIR;AIR;3556;3556.00;1013.0;236;297;25.00;-15.864.572;-47.937.595;156;147;147;133.17;0.237;-825;1.01;0.01;0.03;105;83.32;4;-0.3;55102;30;0.00;2.3;-1.63;0.4;6.51;-0.04;70.0;67.8;90.1;89.3;643;615;0;0;7424.48;3721.15;3703.33;1625.6;1491.4;10520.;4;-;-;0;0;-;-5.19;-3.25;1.76;0.84;0.06;6.03;0;1;1;1
XX/03/22;06:03:19;FINAL APPROACH;AIR;AIR;AIR;3540;3540.00;1013.0;220;280;24.75;-15.864.679;-47.936.844;156;147;147;133.17;0.237;-830;1.00;0.00;0.03;106;85.08;4;-0.1;55102;30;0.70;2.1;-0.55;-0.0;5.98;-0.03;70.0;67.6;90.1;89.3;643;615;0;0;7425.35;3721.60;3703.75;1629.3;1491.4;10520.;4;-;-;0;0;-;-5.19;-3.30;1.76;0.28;-0.44;6.03;0;1;1;1
XX/03/22;06:03:20;FINAL APPROACH;AIR;AIR;AIR;3528;3528.00;1013.0;208;261;24.75;-15.864.787;-47.936.081;157;147;147;133.17;0.237;-833;0.99;-0.00;0.02;106;85.43;3;0.0;55102;30;0.70;1.9;-0.21;-0.1;5.98;-0.01;69.9;67.6;90.0;89.3;642;615;0;0;7426.21;3722.05;3704.16;1625.6;1487.7;10520.;4;-;-;0;0;-;-4.00;-3.30;1.98;0.28;-0.70;6.03;0;1;1;1
XX/03/22;06:03:21;FINAL APPROACH;AIR;AIR;AIR;3512;3512.00;1013.0;192;233;24.50;-15.864.894;-47.935.310;158;148;147;133.17;0.238;-835;1.00;-0.00;0.03;106;84.73;2;0.0;55102;30;0.35;2.1;-0.38;0.1;6.33;-0.01;69.9;67.6;90.0;89.3;642;614;0;0;7427.08;3722.50;3704.57;1625.6;1491.4;10520.;4;-;-;0;0;-;-4.00;-3.35;1.98;1.13;-0.19;6.00;0;1;1;1
XX/03/22;06:03:22;FINAL APPROACH;AIR;AIR;AIR;3500;3500.00;1013.0;180;219;24.50;-15.865.003;-47.934.536;158;148;147;133.17;0.238;-837;1.01;-0.00;0.03;106;84.02;2;0.0;55102;30;0.70;2.5;-1.34;0.2;6.51;-0.01;69.9;67.6;90.0;89.3;642;614;0;0;7427.94;3722.96;3704.99;1625.6;1491.4;10520.;4;-;-;0;0;-;-4.00;-3.35;0.17;1.13;-0.25;6.03;0;1;1;1
XX/03/22;06:03:23;FINAL APPROACH;AIR;AIR;AIR;3484;3484.00;1013.0;164;192;24.50;-15.865.115;-47.933.784;158;148;147;133.17;0.238;-838;1.01;0.01;0.03;106;84.73;2;0.0;55102;30;1.41;2.5;-0.21;0.0;6.16;0.02;69.9;67.6;90.0;89.1;641;614;0;0;7428.81;3723.41;3705.40;1625.6;1487.7;10520.;4;-;-;0;0;-;-4.00;-3.00;0.17;-1.30;-1.40;6.00;0;1;1;1
XX/03/22;06:03:24;FINAL APPROACH;AIR;AIR;AIR;3472;3472.00;1013.0;152;186;24.50;-15.865.225;-47.933.090;159;149;147;133.17;0.239;-839;1.02;0.00;0.03;106;81.91;1;0.1;55102;30;1.76;2.6;-0.46;0.1;6.33;0.03;69.9;67.6;90.0;89.1;641;614;0;0;7429.67;3723.86;3705.82;1629.3;1487.7;10520.;4;-;-;0;0;-;-5.33;-3.00;2.10;-1.30;0.51;6.03;0;1;1;1
XX/03/22;06:03:25;FINAL APPROACH;AIR;AIR;AIR;3460;3460.00;1013.0;140;169;24.50;-15.865.337;-47.932.396;159;149;147;133.17;0.240;-799;1.02;-0.00;0.03;106;71.02;1;0.4;55102;30;0.70;2.8;-1.38;0.1;5.98;0.04;69.9;67.6;90.0;89.1;641;614;0;0;7430.54;3724.31;3706.23;1625.6;1491.4;10520.;4;-;-;0;0;-;-5.33;-4.48;2.10;0.28;-0.38;6.03;0;1;1;1
XX/03/22;06:03:26;FINAL APPROACH;AIR;AIR;AIR;3448;3448.00;1013.0;128;154;24.50;-15.865.451;-47.931.396;159;150;147;133.17;0.241;-773;0.98;-0.00;0.02;106;65.39;1;0.2;55102;30;-0.35;2.3;-0.88;-0.3;5.28;0.03;69.9;67.4;90.0;89.1;641;613;0;0;7431.41;3724.76;3706.64;1625.6;1484.1;10520.;4;-;-;0;0;-;-4.05;-4.48;1.36;0.28;-0.38;6.03;0;1;1;1
XX/03/22;06:03:27;FINAL APPROACH;AIR;AIR;AIR;3436;3436.00;1013.0;116;137;24.50;-15.865.566;-47.930.725;160;150;147;133.17;0.241;-756;0.98;0.01;0.02;107;73.48;1;-0.2;55102;30;-1.05;2.1;-0.38;-0.2;5.28;0.02;69.8;67.5;90.0;89.1;640;613;0;0;7432.27;3725.21;3707.06;1625.6;1487.7;10520.;4;-;-;0;0;-;-4.05;-4.94;1.36;1.35;0.06;6.00;0;1;1;1
XX/03/22;06:03:28;FINAL APPROACH;AIR;AIR;AIR;3424;3424.00;1013.0;104;119;24.50;-15.865.680;-47.930.035;160;149;147;133.17;0.239;-744;0.99;0.01;0.02;107;90.00;1;-0.4;55102;30;-0.70;2.3;-1.63;0.1;5.28;0.03;69.9;67.5;90.0;89.1;641;613;0;0;7433.13;3725.67;3707.47;1625.6;1484.1;10520.;4;-;-;0;0;-;-5.29;-4.94;3.80;1.35;-0.25;6.06;0;1;1;1
XX/03/22;06:03:29;FINAL APPROACH;AIR;AIR;AIR;3412;3412.00;1013.0;92;101;24.50;-15.865.797;-47.929.340;161;150;147;133.17;0.240;-736;0.98;0.01;0.02;107;108.28;1;-0.3;55102;30;0.00;2.1;-0.80;-0.1;4.92;0.02;69.8;67.5;90.0;89.1;640;613;0;0;7434.00;3726.12;3707.88;1625.6;1484.1;10520.;4;-;-;0;0;-;-5.29;-3.55;3.80;0.05;0.19;6.03;0;1;1;1
XX/03/22;06:03:30;FINAL APPROACH;AIR;AIR;AIR;3400;3400.00;1013.0;80;78;24.50;-15.865.914;-47.928.589;161;150;147;133.17;0.241;-731;0.99;0.01;0.02;107;122.70;0;-0.2;55102;30;-0.35;1.9;-0.55;-0.1;5.10;0.02;69.8;67.4;89.9;89.1;640;612;0;0;7434.86;3726.57;3708.29;1622.0;1484.1;10520.;3;-;-;0;0;-;-4.51;-3.55;4.42;0.05;0.13;6.06;0;1;1;1
XX/03/22;06:03:31;FINAL APPROACH;AIR;AIR;AIR;3384;3384.00;1013.0;64;63;24.25;-15.866.031;-47.927.834;162;150;147;133.17;0.240;-767;0.99;0.01;0.02;107;0.00;0;-0.1;55102;30;-1.05;2.1;-1.30;0.1;5.28;0.01;69.8;67.4;89.9;89.0;640;612;0;0;7435.73;3727.02;3708.70;1625.6;1484.1;10520.;3;-;-;0;0;-;-4.51;-2.95;4.42;3.74;0.13;6.00;0;1;1;1
XX/03/22;06:03:32;LANDING;AIR;AIR;AIR;3368;3368.00;1013.0;47;47;24.25;-15.866.148;-47.927.055;162;151;147;133.17;0.242;-831;0.99;0.01;0.02;106;0.00;0;0.0;55102;30;-1.05;2.1;0.13;0.0;5.45;0.01;69.8;67.4;89.9;89.0;639;612;0;0;7436.59;3727.47;3709.12;1625.6;1484.1;10520.;4;-;-;0;0;-;-4.00;-2.95;4.14;3.74;-0.76;6.00;0;1;1;1
XX/03/22;06:03:33;LANDING;AIR;AIR;AIR;3356;3356.00;1013.0;36;36;24.25;-15.866.266;-47.925.976;162;149;147;133.17;0.239;-834;1.01;-0.00;0.02;106;0.00;1;0.1;55102;30;-0.35;2.5;0.50;0.2;5.80;0.00;69.8;67.4;89.9;89.0;639;612;0;0;7437.45;3727.92;3709.53;1622.0;1487.7;10520.;4;-;-;0;0;-;-4.00;0.30;4.14;1.30;0.00;6.03;0;1;1;1
XX/03/22;06:03:34;LANDING;AIR;AIR;AIR;3340;3340.00;1013.0;22;22;24.00;-15.866.382;-47.925.224;162;150;147;133.17;0.240;-836;1.06;0.00;0.03;106;276.68;1;0.3;55102;30;-0.35;3.3;1.05;0.6;6.68;0.00;69.8;67.4;89.9;89.0;639;611;0;0;7438.32;3728.37;3709.94;1625.6;1484.1;10520.;4;-;-;0;0;-;-0.60;0.30;1.36;1.30;-0.19;6.03;0;1;1;1
XX/03/22;06:03:35;LANDING;AIR;AIR;AIR;3332;3332.00;1013.0;14;14;23.50;-15.866.498;-47.924.530;163;152;147;133.17;0.244;-798;1.16;0.00;0.04;106;288.63;1;0.4;55102;30;0.00;4.2;0.92;0.6;6.68;0.00;69.8;67.4;89.9;89.0;638;610;0;0;7439.18;3728.83;3710.36;1625.6;1487.7;10520.;4;-;-;0;0;-;-0.60;3.15;1.36;2.32;-0.06;6.06;0;1;1;1
XX/03/22;06:03:36;LANDING;AIR;AIR;AIR;3328;3328.00;1013.0;7;7;24.00;-15.866.613;-47.923.836;163;152;147;133.17;0.243;-653;1.05;-0.00;0.01;106;307.27;1;0.4;55102;30;-1.05;3.9;0.88;-0.1;5.28;0.00;69.5;64.8;89.8;87.9;637;590;0;0;7440.01;3729.28;3710.74;1618.4;1368.0;10520.;4;-;-;0;0;-;2.85;3.15;0.00;2.32;-0.51;6.06;0;1;1;1
XX/03/22;06:03:37;LANDING;AIR;AIR;AIR;3324;3324.00;1013.0;5;5;24.50;-15.866.728;-47.923.080;162;151;147;133.17;0.242;-517;1.00;-0.00;-0.02;106;321.33;1;0.1;55102;30;-1.41;3.5;3.52;-0.2;4.75;0.00;58.9;51.4;86.9;84.4;587;557;0;0;7440.65;3729.64;3711.02;1302.7;1008.7;10520.;3;-;-;0;0;-;2.85;-0.45;0.00;2.09;-0.38;6.00;0;1;1;1
XX/03/22;06:03:38;LANDING;AIR;AIR;AIR;3324;3324.00;1013.0;3;3;24.75;-15.866.844;-47.922.337;161;150;147;133.17;0.241;-386;1.01;-0.00;-0.04;106;0.00;0;-0.2;55102;30;-1.05;3.7;5.40;0.1;4.04;0.00;48.4;43.8;84.4;82.1;560;542;0;0;7441.14;3729.91;3711.23;968.87;776.55;10520.;4;-;-;0;0;-;3.80;-0.45;0.17;2.09;-0.19;6.00;0;1;1;1
XX/03/22;06:03:39;LANDING;AIR;AIR;AIR;3324;3324.00;1013.0;3;3;24.75;-15.866.959;-47.921.555;160;148;147;133.17;0.238;-259;0.96;0.00;-0.04;107;0.00;0;-0.4;55102;30;-0.35;3.3;3.39;-0.2;4.40;0.00;42.5;39.0;82.1;80.1;546;538;0;0;7441.51;3730.11;3711.40;718.49;609.63;10520.;4;-;-;0;0;-;3.80;-0.85;0.17;1.01;0.06;6.06;0;1;1;1
XX/03/22;06:03:40;LANDING;AIR;AIR;AIR;3324;3324.00;1013.0;1;1;24.75;-15.867.076;-47.920.784;158;147;147;133.17;0.236;-173;1.08;0.02;-0.09;107;182.81;1;-0.5;55102;30;0.35;3.2;5.65;-0.1;3.52;0.00;38.6;35.3;80.0;78.5;539;536;0;0;7441.81;3730.27;3711.54;587.86;515.28;10520.;26;-;-;0;0;-;4.50;-0.85;-0.05;1.01;-0.19;5.94;0;1;1;1
XX/03/22;06:03:41;LANDING;GROUND;GROUND;AIR;3320;3320.00;1013.0;0;1;24.75;-15.867.194;-47.920.036;156;146;147;133.17;0.234;-156;0.87;0.01;-0.10;107;170.16;1;-0.9;55102;30;-1.41;1.9;5.27;-0.8;2.99;0.00;35.3;32.8;77.9;76.5;540;534;0;0;7442.08;3730.41;3711.67;508.02;449.96;10520.;43;-;-;0;0;-;4.50;4.60;-0.05;1.81;1.02;5.91;0;1;1;1
XX/03/22;06:03:42;LANDING;GROUND;GROUND;AIR;3308;3308.00;1013.0;0;1;24.50;-15.867.313;-47.919.346;152;142;147;133.17;0.227;-263;0.99;0.05;-0.21;108;166.64;3;-1.8;55102;30;-0.70;2.3;4.48;0.1;2.99;0.00;33.1;30.9;76.0;74.8;538;534;0;0;7442.31;3730.53;3711.78;446.34;399.16;10520.;43;-;-;0;0;-;2.70;4.60;-0.39;1.81;0.00;6.00;0;1;1;1
XX/03/22;06:03:43;LANDING;GROUND;GROUND;AIR;3312;3312.00;1013.0;0;-1;24.50;-15.867.435;-47.918.663;148;137;147;133.17;0.220;-255;1.03;0.08;-0.23;109;171.91;3;-2.3;55102;30;-0.70;1.4;8.16;-0.5;1.93;0.00;32.4;32.1;75.0;75.9;549;577;0;0;7442.59;3730.66;3711.93;442.71;544.31;10520.;43;-;-;0;0;-;2.70;8.40;-0.39;1.98;1.14;5.91;0;1;1;1
XX/03/22;06:03:44;LANDING;GROUND;GROUND;GROUND;3312;3312.00;1013.0;0;-1;24.25;-15.867.557;-47.917.988;144;133;147;133.17;0.213;-131;0.98;0.02;-0.24;109;175.08;4;-1.8;55102;30;-0.70;0.7;0.42;-0.5;1.23;0.00;36.5;36.4;78.5;79.8;627;619;0;0;7442.96;3730.84;3712.12;642.29;682.20;10520.;43;-;-;0;0;-;-2.85;8.40;0.74;1.98;-3.49;5.97;0;1;1;1